Application version: 0.6.2.src
Platform: Darwin-20.6.0-x86_64-i386-64bit
Python version: 3.6.12 |Anaconda, Inc.| (default, Sep  8 2020, 17:50:39) 
[GCC Clang 10.0.0 ]
Python 32/64 bit: 64
conda list output:
# packages in environment at /Users/wdiepeveen/anaconda3:
#
# Name                    Version                   Build  Channel
_anaconda_depends         2020.07                  py38_0  
_ipyw_jlab_nb_ext_conf    0.1.0                    py38_0  
alabaster                 0.7.12             pyhd3eb1b0_0  
anaconda                  custom                   py38_1  
anaconda-client           1.7.2                    py38_0  
anaconda-navigator        2.0.1                    py38_0  
anaconda-project          0.9.1              pyhd3eb1b0_1  
anyio                     2.2.0            py38hecd8cb5_1  
applaunchservices         0.2.1                      py_0  
appnope                   0.1.2           py38hecd8cb5_1001  
appscript                 1.1.2            py38h9ed2024_0  
argh                      0.26.2                   py38_0  
argon2-cffi               20.1.0           py38h9ed2024_1  
args                      0.1.0                    pypi_0    pypi
asn1crypto                1.4.0                      py_0  
astroid                   2.5              py38hecd8cb5_1  
astropy                   4.2.1            py38h9ed2024_1  
async_generator           1.10               pyhd3eb1b0_0  
atomicwrites              1.4.0                      py_0  
attrs                     20.3.0             pyhd3eb1b0_0  
autopep8                  1.5.6              pyhd3eb1b0_0  
babel                     2.9.0              pyhd3eb1b0_0  
backcall                  0.2.0              pyhd3eb1b0_0  
backports                 1.0                pyhd3eb1b0_2  
backports.functools_lru_cache 1.6.4              pyhd3eb1b0_0  
backports.shutil_get_terminal_size 1.0.0              pyhd3eb1b0_3  
backports.tempfile        1.0                pyhd3eb1b0_1  
backports.weakref         1.0.post1                  py_1  
beautifulsoup4            4.9.3              pyha847dfd_0  
bitarray                  1.9.2            py38h9ed2024_1  
bkcharts                  0.2                      py38_0  
blas                      1.0                         mkl  
bleach                    3.3.0              pyhd3eb1b0_0  
blosc                     1.21.0               h2842e9f_0  
bokeh                     2.3.1            py38hecd8cb5_0  
boto                      2.49.0                   py38_0  
bottleneck                1.3.2            py38hf1fa96c_1  
brotlipy                  0.7.0           py38h9ed2024_1003  
bzip2                     1.0.8                h1de35cc_0  
c-ares                    1.17.1               h9ed2024_0  
ca-certificates           2021.4.13            hecd8cb5_1  
certifi                   2020.12.5        py38hecd8cb5_0  
cffi                      1.14.5           py38h2125817_0  
chardet                   4.0.0           py38hecd8cb5_1003  
click                     7.1.2              pyhd3eb1b0_0  
clint                     0.5.1                    pypi_0    pypi
cloudpickle               1.6.0                      py_0  
clyent                    1.2.2                    py38_1  
coco                      0.4.0                    pypi_0    pypi
colorama                  0.4.4              pyhd3eb1b0_0  
conda                     4.10.1           py38hecd8cb5_1  
conda-build               3.21.4           py38hecd8cb5_0  
conda-env                 2.6.0                         1  
conda-package-handling    1.7.3            py38h9ed2024_1  
conda-repo-cli            1.0.3              pyhd3eb1b0_0  
conda-token               0.2.0              pyhd3eb1b0_0  
conda-verify              3.4.2                      py_1  
contextlib2               0.6.0.post1                py_0  
cryptography              3.4.7            py38h2fd3fbb_0  
curl                      7.71.1               hb0a8c7a_1  
cycler                    0.10.0                   py38_0  
cython                    0.29.23          py38h23ab428_0  
cytoolz                   0.11.0           py38haf1e3a3_0  
dask                      2021.4.0           pyhd3eb1b0_0  
dask-core                 2021.4.0           pyhd3eb1b0_0  
dbus                      1.13.18              h18a8e69_0  
decorator                 4.4.2              pyhd3eb1b0_0  
defusedxml                0.7.1              pyhd3eb1b0_0  
diff-match-patch          20200713                   py_0  
distributed               2021.4.0         py38hecd8cb5_0  
docopt                    0.6.2            py38hecd8cb5_0  
docutils                  0.16                     py38_1  
entrypoints               0.3                      py38_0  
et_xmlfile                1.0.1                   py_1001  
expat                     2.3.0                h23ab428_2  
fastcache                 1.1.0            py38h1de35cc_0  
filelock                  3.0.12             pyhd3eb1b0_1  
flake8                    3.9.0              pyhd3eb1b0_0  
flask                     1.1.2              pyhd3eb1b0_0  
freetype                  2.10.4               ha233b18_0  
fsspec                    0.9.0              pyhd3eb1b0_0  
future                    0.18.2                   py38_1  
get_terminal_size         1.0.0                h7520d66_0  
gettext                   0.21.0               h7535e17_0  
gevent                    21.1.2           py38h9ed2024_1  
glib                      2.68.1               hdf23fa2_0  
glob2                     0.7                pyhd3eb1b0_0  
gmp                       6.2.1                h23ab428_2  
gmpy2                     2.0.8            py38h6ef4df4_3  
greenlet                  1.0.0            py38h23ab428_2  
h5py                      2.10.0           py38h3134771_0  
hdf5                      1.10.4               hfa1e0ec_0  
heapdict                  1.0.1                      py_0  
html5lib                  1.1                        py_0  
icu                       58.2                 h0a44026_3  
idna                      2.10               pyhd3eb1b0_0  
imageio                   2.9.0              pyhd3eb1b0_0  
imagesize                 1.2.0              pyhd3eb1b0_0  
importlib-metadata        3.10.0           py38hecd8cb5_0  
importlib_metadata        3.10.0               hd3eb1b0_0  
iniconfig                 1.1.1              pyhd3eb1b0_0  
intel-openmp              2021.2.0                 pypi_0    pypi
intervaltree              3.1.0                      py_0  
ipykernel                 5.3.4            py38h5ca1d4c_0  
ipython                   7.22.0           py38h01d92e1_0  
ipython_genutils          0.2.0              pyhd3eb1b0_1  
ipywidgets                7.6.3              pyhd3eb1b0_1  
isort                     5.8.0              pyhd3eb1b0_0  
itsdangerous              1.1.0              pyhd3eb1b0_0  
jbig                      2.1                  h4d881f8_0  
jdcal                     1.4.1                      py_0  
jedi                      0.17.1                   py38_0  
jinja2                    2.11.3             pyhd3eb1b0_0  
joblib                    1.0.1              pyhd3eb1b0_0  
jpeg                      9b                   he5867d9_2  
json5                     0.9.5                      py_0  
jsonschema                3.2.0                      py_2  
jupyter                   1.0.0                    py38_7  
jupyter-packaging         0.7.12             pyhd3eb1b0_0  
jupyter_client            6.1.12             pyhd3eb1b0_0  
jupyter_console           6.4.0              pyhd3eb1b0_0  
jupyter_core              4.7.1            py38hecd8cb5_0  
jupyter_server            1.4.1            py38hecd8cb5_0  
jupyterlab                3.0.14             pyhd3eb1b0_1  
jupyterlab_pygments       0.1.2                      py_0  
jupyterlab_server         2.4.0              pyhd3eb1b0_0  
jupyterlab_widgets        1.0.0              pyhd3eb1b0_1  
keyring                   22.3.0           py38hecd8cb5_0  
kiwisolver                1.3.1            py38h23ab428_0  
krb5                      1.18.2               h75d18d8_0  
lazy-object-proxy         1.6.0            py38h9ed2024_0  
lcms2                     2.12                 hf1fd2bf_0  
libarchive                3.4.2                haa3ed63_0  
libcurl                   7.71.1               h8a08a2b_1  
libcxx                    10.0.0                        1  
libedit                   3.1.20210216         h9ed2024_1  
libev                     4.33                 haf1e3a3_0  
libffi                    3.3                  hb1e8313_2  
libgfortran               3.0.1                h93005f0_2  
libiconv                  1.16                 h1de35cc_0  
liblief                   0.10.1               h0a44026_0  
libllvm10                 10.0.1               h76017ad_5  
libllvm9                  9.0.1                h21ff451_1  
libpng                    1.6.37               ha441bb4_0  
libsodium                 1.0.18               h1de35cc_0  
libspatialindex           1.9.3                h23ab428_0  
libssh2                   1.9.0                ha12b0ac_1  
libtiff                   4.2.0                h87d7836_0  
libuv                     1.40.0               haf1e3a3_0  
libwebp-base              1.2.0                h9ed2024_0  
libxml2                   2.9.10               h7cdb67c_3  
libxslt                   1.1.34               h83b36ba_0  
llvm-openmp               10.0.0               h28b9765_0  
llvmlite                  0.36.0           py38he4411ff_4  
locket                    0.2.1            py38hecd8cb5_1  
lxml                      4.6.3            py38h26b266a_0  
lz4-c                     1.9.3                h23ab428_0  
lzo                       2.10                 haf1e3a3_2  
markupsafe                1.1.1            py38h1de35cc_1  
matplotlib                3.3.4            py38hecd8cb5_0  
matplotlib-base           3.3.4            py38h8b3ea08_0  
mccabe                    0.6.1                    py38_1  
mistune                   0.8.4           py38h1de35cc_1001  
mkl                       2021.2.0                 pypi_0    pypi
mkl-service               2.3.0            py38h9ed2024_1  
mkl_fft                   1.3.0            py38h4a7008c_2  
mkl_random                1.2.1            py38hb2f4e1b_2  
mock                      4.0.3              pyhd3eb1b0_0  
more-itertools            8.7.0              pyhd3eb1b0_0  
mpc                       1.1.0                h6ef4df4_1  
mpfr                      4.0.2                h9066e36_1  
mpmath                    1.2.1            py38hecd8cb5_0  
msgpack-python            1.0.2            py38hf7b0b51_1  
multipledispatch          0.6.0                    py38_0  
navigator-updater         0.2.1                    py38_0  
nbclassic                 0.2.6              pyhd3eb1b0_0  
nbclient                  0.5.1                      py_0  
nbconvert                 6.0.7                    py38_0  
nbformat                  5.1.3              pyhd3eb1b0_0  
ncurses                   6.2                  h0a44026_1  
nest-asyncio              1.4.2              pyhd3eb1b0_0  
networkx                  2.5.1              pyhd3eb1b0_0  
nltk                      3.6.1              pyhd3eb1b0_0  
nose                      1.3.7           pyhd3eb1b0_1006  
notebook                  6.3.0            py38hecd8cb5_0  
numba                     0.53.1           py38hb2f4e1b_0  
numexpr                   2.7.3            py38h5873af2_1  
numpy                     1.20.1           py38hd6e1bb9_0  
numpy-base                1.20.1           py38h585ceec_0  
numpydoc                  1.1.0              pyhd3eb1b0_1  
olefile                   0.46                       py_0  
openpyxl                  3.0.7              pyhd3eb1b0_0  
openssl                   1.1.1k               h9ed2024_0  
packaging                 20.9               pyhd3eb1b0_0  
pandas                    1.2.4            py38h23ab428_0  
pandoc                    2.12                 hecd8cb5_0  
pandocfilters             1.4.3            py38hecd8cb5_1  
parso                     0.7.0                      py_0  
partd                     1.2.0              pyhd3eb1b0_0  
path                      15.1.2           py38hecd8cb5_0  
path.py                   12.5.0                        0  
pathlib2                  2.3.5            py38hecd8cb5_2  
pathtools                 0.1.2                      py_1  
patsy                     0.5.1                    py38_0  
pcre                      8.44                 hb1e8313_0  
pep8                      1.7.1                    py38_0  
pexpect                   4.8.0              pyhd3eb1b0_3  
pickleshare               0.7.5           pyhd3eb1b0_1003  
pillow                    8.2.0            py38h5270095_0  
pip                       21.0.1           py38hecd8cb5_0  
pkginfo                   1.7.0            py38hecd8cb5_0  
pluggy                    0.13.1           py38hecd8cb5_0  
ply                       3.11                     py38_0  
prometheus_client         0.10.1             pyhd3eb1b0_0  
prompt-toolkit            3.0.17             pyh06a4308_0  
prompt_toolkit            3.0.17               hd3eb1b0_0  
psutil                    5.8.0            py38h9ed2024_1  
ptyprocess                0.7.0              pyhd3eb1b0_2  
py                        1.10.0             pyhd3eb1b0_0  
py-lief                   0.10.1           py38haf313ee_0  
pycocotools               2.0.0           py38h0b31af3_1001    conda-forge/label/cf202003
pycodestyle               2.6.0              pyhd3eb1b0_0  
pycosat                   0.6.3            py38h1de35cc_1  
pycparser                 2.20                       py_2  
pycurl                    7.43.0.6         py38hddc9c9b_0  
pydocstyle                6.0.0              pyhd3eb1b0_0  
pyerfa                    1.7.3            py38h9ed2024_0  
pyflakes                  2.2.0              pyhd3eb1b0_0  
pygments                  2.8.1              pyhd3eb1b0_0  
pylint                    2.7.4            py38hecd8cb5_1  
pyodbc                    4.0.30           py38h0a44026_0  
pyopenssl                 20.0.1             pyhd3eb1b0_1  
pyparsing                 2.4.7              pyhd3eb1b0_0  
pyqt                      5.9.2            py38h655552a_2  
pyrsistent                0.17.3           py38haf1e3a3_0  
pysocks                   1.7.1                    py38_1  
pytables                  3.6.1            py38h4727e94_0  
pytest                    6.2.3            py38hecd8cb5_2  
python                    3.8.8                h88f2d9e_5  
python-crontab            2.5.1                    pypi_0    pypi
python-dateutil           2.8.1              pyhd3eb1b0_0  
python-jsonrpc-server     0.4.0                      py_0  
python-language-server    0.35.1                     py_0  
python-libarchive-c       2.9                pyhd3eb1b0_1  
python.app                3                py38h9ed2024_0  
pytz                      2021.1             pyhd3eb1b0_0  
pywavelets                1.1.1            py38haf1e3a3_2  
pyyaml                    5.4.1            py38h9ed2024_1  
pyzmq                     20.0.0           py38h23ab428_1  
qdarkstyle                3.0.2              pyhd3eb1b0_0  
qt                        5.9.7                h468cd18_1  
qtawesome                 1.0.2              pyhd3eb1b0_0  
qtconsole                 5.0.3              pyhd3eb1b0_0  
qtpy                      1.9.0                      py_0  
readline                  8.1                  h9ed2024_0  
regex                     2021.4.4         py38h9ed2024_0  
requests                  2.25.1             pyhd3eb1b0_0  
ripgrep                   12.1.1                        0  
rope                      0.18.0                     py_0  
rtree                     0.9.7            py38hecd8cb5_1  
ruamel_yaml               0.15.100         py38h9ed2024_0  
scikit-image              0.18.1           py38hb2f4e1b_0  
scikit-learn              0.24.1           py38hb2f4e1b_0  
scipy                     1.6.2            py38hd5f7400_1  
seaborn                   0.11.1             pyhd3eb1b0_0  
send2trash                1.5.0              pyhd3eb1b0_1  
setuptools                52.0.0           py38hecd8cb5_0  
simplegeneric             0.8.1                    py38_2  
singledispatch            3.6.1           pyhd3eb1b0_1001  
sip                       4.19.8           py38h0a44026_0  
six                       1.15.0           py38hecd8cb5_0  
snappy                    1.1.8                hb1e8313_0  
sniffio                   1.2.0            py38hecd8cb5_1  
snowballstemmer           2.1.0              pyhd3eb1b0_0  
sortedcollections         2.1.0              pyhd3eb1b0_0  
sortedcontainers          2.3.0              pyhd3eb1b0_0  
soupsieve                 2.2.1              pyhd3eb1b0_0  
sphinx                    3.5.4              pyhd3eb1b0_0  
sphinxcontrib             1.0                      py38_1  
sphinxcontrib-applehelp   1.0.2              pyhd3eb1b0_0  
sphinxcontrib-devhelp     1.0.2              pyhd3eb1b0_0  
sphinxcontrib-htmlhelp    1.0.3              pyhd3eb1b0_0  
sphinxcontrib-jsmath      1.0.1              pyhd3eb1b0_0  
sphinxcontrib-qthelp      1.0.3              pyhd3eb1b0_0  
sphinxcontrib-serializinghtml 1.1.4              pyhd3eb1b0_0  
sphinxcontrib-websupport  1.2.4                      py_0  
spyder                    4.1.5                    py38_0  
spyder-kernels            1.9.4                    py38_0  
sqlalchemy                1.4.7            py38h9ed2024_0  
sqlite                    3.35.4               hce871da_0  
statsmodels               0.12.2           py38h9ed2024_0  
sympy                     1.8              py38hecd8cb5_0  
tablib                    3.0.0                    pypi_0    pypi
tbb                       2021.2.0                 pypi_0    pypi
tblib                     1.7.0                      py_0  
terminado                 0.9.4            py38hecd8cb5_0  
testpath                  0.4.4              pyhd3eb1b0_0  
threadpoolctl             2.1.0              pyh5ca1d4c_0  
tifffile                  2020.10.1        py38h0cf3a3e_2  
tk                        8.6.10               hb0a8c7a_0  
toml                      0.10.2             pyhd3eb1b0_0  
toolz                     0.11.1             pyhd3eb1b0_0  
tornado                   6.1              py38h9ed2024_0  
tqdm                      4.59.0             pyhd3eb1b0_1  
traitlets                 5.0.5              pyhd3eb1b0_0  
typing_extensions         3.7.4.3            pyha847dfd_0  
ujson                     4.0.2            py38h23ab428_0  
unicodecsv                0.14.1                   py38_0  
unixodbc                  2.3.9                haf1e3a3_0  
urllib3                   1.26.4             pyhd3eb1b0_0  
watchdog                  1.0.2            py38h9ed2024_1  
wcwidth                   0.2.5                      py_0  
webencodings              0.5.1                    py38_1  
werkzeug                  1.0.1              pyhd3eb1b0_0  
wheel                     0.36.2             pyhd3eb1b0_0  
widgetsnbextension        3.5.1                    py38_0  
wrapt                     1.12.1           py38haf1e3a3_1  
wurlitzer                 2.1.0            py38hecd8cb5_0  
xlrd                      2.0.1              pyhd3eb1b0_0  
xlsxwriter                1.3.8              pyhd3eb1b0_0  
xlwings                   0.23.0           py38hecd8cb5_0  
xlwt                      1.3.0                    py38_0  
xmltodict                 0.12.0                     py_0  
xz                        5.2.5                h1de35cc_0  
yaml                      0.2.5                haf1e3a3_0  
yapf                      0.31.0             pyhd3eb1b0_0  
zeromq                    4.3.4                h23ab428_0  
zict                      2.0.0              pyhd3eb1b0_0  
zipp                      3.4.1              pyhd3eb1b0_0  
zlib                      1.2.11               h1de35cc_3  
zope                      1.0                      py38_1  
zope.event                4.5.0                    py38_0  
zope.interface            5.3.0            py38h9ed2024_0  
zstd                      1.4.5                h41d2c2f_0  

pip freeze output:
alabaster==0.7.12
appdirs==1.4.4
appnope==0.1.2
argon2-cffi==20.1.0
aspire==0.6.2
async-generator==1.10
attrs==20.3.0
Babel==2.9.0
backcall==0.2.0
black==20.8b1
bleach==3.3.0
certifi==2020.12.5
cffi==1.14.4
chardet==4.0.0
click==7.1.2
coverage==5.4
cvxopt==1.2.6
cycler==0.10.0
Cython==0.29.23
dataclasses==0.8
decorator==4.4.2
defusedxml==0.6.0
docutils==0.16
entrypoints==0.3
finufft==2.0.0
future==0.18.2
idna==2.10
imageio==2.9.0
imagesize==1.2.0
importlib-metadata==1.7.0
importlib-resources==5.1.0
iniconfig==1.1.1
ipykernel==5.4.3
ipython==7.16.1
ipython-genutils==0.2.0
ipywidgets==7.6.3
jedi==0.18.0
Jinja2==2.11.3
joblib==1.0.0
jsonschema==3.2.0
jupyter==1.0.0
jupyter-client==6.1.11
jupyter-console==6.2.0
jupyter-core==4.7.1
jupyterlab-pygments==0.1.2
jupyterlab-widgets==1.0.0
kiwisolver==1.3.1
latexcodec==2.0.1
llvmlite==0.36.0
MarkupSafe==1.1.1
matplotlib==3.3.4
mistune==0.8.4
mrcfile==1.2.0
mypy-extensions==0.4.3
nbclient==0.5.1
nbconvert==6.0.7
nbformat==5.1.2
nest-asyncio==1.5.1
networkx==2.5
notebook==6.2.0
numba==0.53.1
numpy==1.16.0
numpydoc==0.7.0
odl==0.7.0
opymize @ git+https://github.com/room-10/Opymize@8632e5b618f41a65b1a37df099a6da254500e14b
osqp==0.6.2.post0
packaging==20.9
pandas==0.25.3
pandocfilters==1.4.3
parso==0.8.1
pathspec==0.8.1
pexpect==4.8.0
pickleshare==0.7.5
Pillow==8.1.0
pluggy==0.13.1
prometheus-client==0.9.0
prompt-toolkit==3.0.14
ptyprocess==0.7.0
py==1.10.0
pybind11==2.6.2
pybtex==0.24.0
pybtex-docutils==1.0.0
pycparser==2.20
pyFFTW==0.12.0
Pygments==2.7.4
pymanopt==0.2.5
pyparsing==2.4.7
pyrsistent==0.17.3
pytest==6.2.2
pytest-cov==2.11.1
python-dateutil==2.8.1
python-dotenv==0.15.0
pytz==2021.1
PyWavelets==1.1.1
PyYAML==5.4.1
pyzmq==22.0.2
qdldl==0.1.5.post0
qtconsole==5.0.2
QtPy==1.9.0
quadprog==0.1.8
quaternionic==0.3.4
regex==2021.4.4
repyducible @ git+https://github.com/room-10/Repyducible@6613469ea146df6ec85bdff3a8762a298f35743e
requests==2.25.1
scikit-image==0.16.2
scikit-learn==0.24.1
scipy==1.4.0
Send2Trash==1.5.0
six==1.15.0
snowballstemmer==2.1.0
spherical==1.0.8
Sphinx==3.4.3
sphinx-rtd-theme==0.5.1
sphinxcontrib-applehelp==1.0.2
sphinxcontrib-bibtex==2.1.4
sphinxcontrib-devhelp==1.0.2
sphinxcontrib-htmlhelp==1.0.3
sphinxcontrib-jsmath==1.0.1
sphinxcontrib-qthelp==1.0.3
sphinxcontrib-serializinghtml==1.1.4
spinsfast==104.2021.3.22.15.7.51
terminado==0.9.2
testpath==0.4.4
threadpoolctl==2.1.0
toml==0.10.2
tornado==6.1
tqdm==4.56.0
traitlets==4.3.3
typed-ast==1.4.3
typing-extensions==3.7.4.3
urllib3==1.26.3
wcwidth==0.2.5
webencodings==0.5.1
widgetsnbextension==3.5.1
zipp==3.4.0

Exception Details (most recent call last)
  File "/Users/wdiepeveen/Documents/PhD/Projects/2 - Cryo-EM/src/src/Cryo-EM/main.py", line 4, in <module>
    run_experiment()
    __annotations__ = {}
    __builtins__ = <module 'builtins' (built-in)>
    __cached__ = None
    __doc__ = None
    __file__ = '/Users/wdiepeveen/Documents/PhD/Projects/2 - Cryo-EM/src/src/Cryo-EM/main.py'
    __loader__ = <_frozen_importlib_external.SourceFileLoader object at 0x7fe741d716d8>
    __name__ = '__main__'
    __package__ = None
    __spec__ = None
    run_experiment = <function run_experiment at 0x7fe74330e1e0>

  File "/Users/wdiepeveen/Documents/PhD/Projects/2 - Cryo-EM/src/src/Cryo-EM/experiments/lifting/__init__.py", line 70, in run_experiment
    results_folder=results_folder
    data_dir = 'data'
    data_filename = 'clean70SRibosome_vol_65p.mrc'
    data_path = 'data/clean70SRibosome_vol_65p.mrc'
    exp = <tools.exp_tools.Exp object at 0x7fe741f54a90>
    i = 0
    img_size = 33
    init_vol_smudge = 2
    j = 0
    max_it = 2
    num_imgs = 512
    nums_imgs = [512]
    results_folder = 'results/lifting_21-04-21_11-09-45'
    skip_main_experiment = False
    skip_preprocessing = True
    snr = 0.5
    snr_range = [0.5]

  File "/Users/wdiepeveen/Documents/PhD/Projects/2 - Cryo-EM/src/src/Cryo-EM/experiments/lifting/experiment_pdhg_on.py", line 146, in experiment
    solver.solve(return_result=False)
    amplitudes = array([1., 1., 1., 1., 1., 1., 1., 1., 1., 1., 1., 1., 1., 1., 1., 1., 1.,
       1., 1., 1., 1., 1., 1., 1., 1., 1., 1., 1., 1., 1., 1., 1., 1., 1.,
       1., 1., 1., 1., 1., 1., 1., 1., 1., 1., 1., 1., 1., 1., 1., 1., 1.,
       1., 1., 1., 1., 1., 1., 1., 1., 1., 1., 1., 1., 1., 1., 1., 1., 1.,
       1., 1., 1., 1., 1., 1., 1., 1., 1., 1., 1., 1., 1., 1., 1., 1., 1.,
       1., 1., 1., 1., 1., 1., 1., 1., 1., 1., 1., 1., 1., 1., 1., 1., 1.,
       1., 1., 1., 1., 1., 1., 1., 1., 1., 1., 1., 1., 1., 1., 1., 1., 1.,
       1., 1., 1., 1., 1., 1., 1., 1., 1., 1., 1., 1., 1., 1., 1., 1., 1.,
       1., 1., 1., 1., 1., 1., 1., 1., 1., 1., 1., 1., 1., 1., 1., 1., 1.,
       1., 1., 1., 1., 1., 1., 1., 1., 1., 1., 1., 1., 1., 1., 1., 1., 1.,
       1., 1., 1., 1., 1., 1., 1., 1., 1., 1., 1., 1., 1., 1., 1., 1., 1.,
       1., 1., 1., 1., 1., 1., 1., 1., 1., 1., 1., 1., 1., 1., 1., 1., 1.,
       1., 1., 1., 1., 1., 1., 1., 1., 1., 1., 1., 1., 1., 1., 1., 1., 1.,
       1., 1., 1., 1., 1., 1., 1., 1., 1., 1., 1., 1., 1., 1., 1., 1., 1.,
       1., 1., 1., 1., 1., 1., 1., 1., 1., 1., 1., 1., 1., 1., 1., 1., 1.,
       1., 1., 1., 1., 1., 1., 1., 1., 1., 1., 1., 1., 1., 1., 1., 1., 1.,
       1., 1., 1., 1., 1., 1., 1., 1., 1., 1., 1., 1., 1., 1., 1., 1., 1.,
       1., 1., 1., 1., 1., 1., 1., 1., 1., 1., 1., 1., 1., 1., 1., 1., 1.,
       1., 1., 1., 1., 1., 1., 1., 1., 1., 1., 1., 1., 1., 1., 1., 1., 1.,
       1., 1., 1., 1., 1., 1., 1., 1., 1., 1., 1., 1., 1., 1., 1., 1., 1.,
       1., 1., 1., 1., 1., 1., 1., 1., 1., 1., 1., 1., 1., 1., 1., 1., 1.,
       1., 1., 1., 1., 1., 1., 1., 1., 1., 1., 1., 1., 1., 1., 1., 1., 1.,
       1., 1., 1., 1., 1., 1., 1., 1., 1., 1., 1., 1., 1., 1., 1., 1., 1.,
       1., 1., 1., 1., 1., 1., 1., 1., 1., 1., 1., 1., 1., 1., 1., 1., 1.,
       1., 1., 1., 1., 1., 1., 1., 1., 1., 1., 1., 1., 1., 1., 1., 1., 1.,
       1., 1., 1., 1., 1., 1., 1., 1., 1., 1., 1., 1., 1., 1., 1., 1., 1.,
       1., 1., 1., 1., 1., 1., 1., 1., 1., 1., 1., 1., 1., 1., 1., 1., 1.,
       1., 1., 1., 1., 1., 1., 1., 1., 1., 1., 1., 1., 1., 1., 1., 1., 1.,
       1., 1., 1., 1., 1., 1., 1., 1., 1., 1., 1., 1., 1., 1., 1., 1., 1.,
       1., 1., 1., 1., 1., 1., 1., 1., 1., 1., 1., 1., 1., 1., 1., 1., 1.,
       1., 1.])
    cost_function = <function experiment.<locals>.cost_function at 0x7fe74bcdbae8>
    data_dir = 'results/lifting_21-04-21_11-09-45'
    dens_reg = 1e-05
    dens_update = <function experiment.<locals>.dens_update at 0x7fe74bcdbd90>
    dtype = dtype('float32')
    exp = <tools.exp_tools.Exp object at 0x7fe741f54a90>
    imgs = 512 images of size 33x33
    integrator = <solvers.lifting.integration.sd1821.SphDes1821Integrator object at 0x7fe748d49550>
    max_it = 2
    num_imgs = 512
    offsets = array([[0., 0.],
       [0., 0.],
       [0., 0.],
       ...,
       [0., 0.],
       [0., 0.],
       [0., 0.]], dtype=float32)
    old_sim = <aspire.source.simulation.Simulation object at 0x7fe74bc99978>
    prob = <solvers.lifting.problems.primal_dual_outside_norm.PrimalDualOutsideNormLiftingProblem object at 0x7fe7471de4a8>
    results_folder = 'results/lifting_21-04-21_11-09-45'
    rots_gt = array([[[ 0.8472018 ,  0.35635847,  0.39402747],
        [ 0.3245176 ,  0.24010392, -0.91489804],
        [-0.42063922,  0.90297216,  0.08777189]],

       [[ 0.50811654,  0.4332875 ,  0.74436516],
        [-0.00507289,  0.8657368 , -0.50047386],
        [-0.86127335,  0.25052297,  0.44209322]],

       [[ 0.70046335,  0.15106355,  0.6975177 ],
        [-0.6937326 , -0.08538228,  0.71515375],
        [ 0.16758932, -0.9848298 ,  0.04499056]],

       ...,

       [[ 0.2852245 ,  0.7310058 , -0.61990124],
        [ 0.0869106 , -0.6638287 , -0.74281764],
        [-0.9545122 ,  0.15799381, -0.25287235]],

       [[ 0.682833  ,  0.48879188, -0.54297477],
        [ 0.48945773, -0.85783243, -0.15669908],
        [-0.5423746 , -0.1587639 , -0.8249993 ]],

       [[ 0.49022612, -0.65302056, -0.5772716 ],
        [-0.05106302,  0.6396606 , -0.7669595 ],
        [ 0.87009823,  0.4054608 ,  0.28023311]]], dtype=float32)
    rots_init = array([[[ 0.78812737, -0.21465527,  0.57686945],
        [ 0.57701207, -0.06860224, -0.81384937],
        [ 0.21427159,  0.9742776 ,  0.06979138]],

       [[ 0.12999694,  0.36744021, -0.9209172 ],
        [ 0.97590787,  0.11672718,  0.18433285],
        [ 0.17522737, -0.92269305, -0.34341362]],

       [[-0.17605719, -0.94340479,  0.28105384],
        [ 0.67677729, -0.32333486, -0.66138269],
        [ 0.7148261 ,  0.07376968,  0.69540037]],

       ...,

       [[-0.88208561, -0.08459616,  0.46343118],
        [ 0.46844573, -0.05344436,  0.88187431],
        [-0.0498354 ,  0.994981  ,  0.08677122]],

       [[ 0.11091141,  0.96563251, -0.23505851],
        [ 0.71928009,  0.08521904,  0.68947362],
        [ 0.6858096 , -0.2455434 , -0.68510848]],

       [[-0.04881332,  0.71797191,  0.69435841],
        [ 0.99536978, -0.02266431,  0.09340945],
        [ 0.08280252,  0.69570301, -0.71354122]]])
    sim = <aspire.source.simulation.Simulation object at 0x7fe74bc99a20>
    sim_data = {'sim': <aspire.source.simulation.Simulation object at 0x7fe74bc99978>, 'vol_init': <aspire.volume.Volume object at 0x7fe74bca5470>, 'rots_init': array([[[ 0.78812737, -0.21465527,  0.57686945],
        [ 0.57701207, -0.06860224, -0.81384937],
        [ 0.21427159,  0.9742776 ,  0.06979138]],

       [[ 0.12999694,  0.36744021, -0.9209172 ],
        [ 0.97590787,  0.11672718,  0.18433285],
        [ 0.17522737, -0.92269305, -0.34341362]],

       [[-0.17605719, -0.94340479,  0.28105384],
        [ 0.67677729, -0.32333486, -0.66138269],
        [ 0.7148261 ,  0.07376968,  0.69540037]],

       ...,

       [[-0.88208561, -0.08459616,  0.46343118],
        [ 0.46844573, -0.05344436,  0.88187431],
        [-0.0498354 ,  0.994981  ,  0.08677122]],

       [[ 0.11091141,  0.96563251, -0.23505851],
        [ 0.71928009,  0.08521904,  0.68947362],
        [ 0.6858096 , -0.2455434 , -0.68510848]],

       [[-0.04881332,  0.71797191,  0.69435841],
        [ 0.99536978, -0.02266431,  0.09340945],
        [ 0.08280252,  0.69570301, -0.71354122]]]), 'vol_gt': <aspire.volume.Volume object at 0x7fe74bca5240>, 'rots_gt': array([[[ 0.8472018 ,  0.35635847,  0.39402747],
        [ 0.3245176 ,  0.24010392, -0.91489804],
        [-0.42063922,  0.90297216,  0.08777189]],

       [[ 0.50811654,  0.4332875 ,  0.74436516],
        [-0.00507289,  0.8657368 , -0.50047386],
        [-0.86127335,  0.25052297,  0.44209322]],

       [[ 0.70046335,  0.15106355,  0.6975177 ],
        [-0.6937326 , -0.08538228,  0.71515375],
        [ 0.16758932, -0.9848298 ,  0.04499056]],

       ...,

       [[ 0.2852245 ,  0.7310058 , -0.61990124],
        [ 0.0869106 , -0.6638287 , -0.74281764],
        [-0.9545122 ,  0.15799381, -0.25287235]],

       [[ 0.682833  ,  0.48879188, -0.54297477],
        [ 0.48945773, -0.85783243, -0.15669908],
        [-0.5423746 , -0.1587639 , -0.8249993 ]],

       [[ 0.49022612, -0.65302056, -0.5772716 ],
        [-0.05106302,  0.6396606 , -0.7669595 ],
        [ 0.87009823,  0.4054608 ,  0.28023311]]], dtype=float32)}
    snr = 0.5
    solver = <solvers.lifting.solver.LiftingSolver object at 0x7fe7433097b8>
    sq_sigma = 4.0484497236074424e-10
    vol_gt = <aspire.volume.Volume object at 0x7fe74bca5240>
    vol_init = <aspire.volume.Volume object at 0x7fe74bca5470>
    vol_reg = 10000000000.0
    vol_update = <function experiment.<locals>.vol_update at 0x7fe74bcdb7b8>

  File "/Users/wdiepeveen/Documents/PhD/Projects/2 - Cryo-EM/src/src/Cryo-EM/solvers/lifting/solver.py", line 53, in solve
    self.dens_update(self.problem)
    cost = 1371568.718013133
    return_result = False
    running_error = 1.0
    self = <solvers.lifting.solver.LiftingSolver object at 0x7fe7433097b8>

  File "/Users/wdiepeveen/Documents/PhD/Projects/2 - Cryo-EM/src/src/Cryo-EM/experiments/lifting/experiment_pdhg_on.py", line 116, in dens_update
    relerrors = primal_dual_hybrid_gradient_update(problem, sq_sigma=sq_sigma, regularizer=regularizer)
    Error0 = 1.0
    Relerrors = [1.0]
    dens_reg = 1e-05
    exp = <tools.exp_tools.Exp object at 0x7fe741f54a90>
    i = 0
    problem = <solvers.lifting.problems.primal_dual_outside_norm.PrimalDualOutsideNormLiftingProblem object at 0x7fe7471de4a8>
    regularizer = 0.1
    regularizers = array([1.e-01, 1.e-02, 1.e-03, 1.e-04, 1.e-05])
    sq_sigma = 4.0484497236074424e-10

  File "/Users/wdiepeveen/Documents/PhD/Projects/2 - Cryo-EM/src/src/Cryo-EM/solvers/lifting/update/density/pdhg_on_2.py", line 91, in primal_dual_hybrid_gradient_update
    solver = PDHG(primal_prox,dual_prox,block_operator,adjoint_block_operator,beta,dual_beta,sigma=1/2, tau=1/2, gamma=regularizer)
    A = array([[ 0.00000000e+00,  0.00000000e+00,  0.00000000e+00, ...,
         0.00000000e+00,  0.00000000e+00,  1.09829765e-03],
       [ 0.00000000e+00,  5.30688150e-04,  0.00000000e+00, ...,
        -8.48238635e-09,  3.80292527e-24,  1.20795748e-10],
       [ 0.00000000e+00,  2.10468832e-04,  3.57161509e-04, ...,
         8.60001819e-06, -2.85571969e-06,  5.94968185e-07],
       ...,
       [-2.21930941e-06,  2.32919381e-04,  9.89277964e-04, ...,
         3.29576054e-11, -6.50039267e-12,  4.68061625e-13],
       [-4.70720930e-04,  5.90332027e-04,  1.15632356e-04, ...,
        -6.98193980e-06,  2.36601642e-04,  2.13903950e-05],
       [-4.84472002e-05,  1.82795266e-05,  1.63025412e-04, ...,
         7.98143901e-07, -1.39464262e-07,  1.43146819e-08]], dtype=float32)
    L = 33
    N = 512
    adjoint_block_operator = <function primal_dual_hybrid_gradient_update.<locals>.adjoint_block_operator at 0x7fe74bc89f28>
    beta = array([[0., 0., 0., ..., 0., 0., 0.],
       [0., 0., 0., ..., 0., 0., 0.],
       [0., 0., 0., ..., 0., 0., 0.],
       ...,
       [0., 0., 0., ..., 0., 0., 0.],
       [0., 0., 0., ..., 0., 0., 0.],
       [0., 0., 0., ..., 0., 0., 0.]])
    block_operator = <function primal_dual_hybrid_gradient_update.<locals>.block_operator at 0x7fe748d6c048>
    dtype = dtype('float32')
    dual_beta = array([[0., 0., 0., ..., 0., 0., 0.],
       [0., 0., 0., ..., 0., 0., 0.],
       [0., 0., 0., ..., 0., 0., 0.],
       ...,
       [0., 0., 0., ..., 0., 0., 0.],
       [0., 0., 0., ..., 0., 0., 0.],
       [0., 0., 0., ..., 0., 0., 0.]])
    dual_prox = <function primal_dual_hybrid_gradient_update.<locals>.dual_prox at 0x7fe74bcfed90>
    ell = 969
    im = array([[[ 1.81655264e-06,  1.54904901e-05, -4.90123348e-05, ...,
         -1.11359359e-05, -1.76675967e-05, -2.49707336e-05],
        [-1.37329598e-05, -2.27098335e-05, -1.44769319e-05, ...,
         -2.44186103e-05,  2.00167706e-05,  3.20167856e-05],
        [-2.32636430e-05, -2.66308343e-05, -2.45293631e-06, ...,
         -1.33753804e-06,  2.69617431e-05, -1.11278109e-06],
        ...,
        [-4.97768769e-06, -1.37816396e-05,  2.24192536e-05, ...,
         -1.55570742e-05, -1.32510104e-06, -2.04158478e-05],
        [-1.26627237e-05, -9.41388953e-06,  1.82913427e-05, ...,
         -1.08181598e-06, -8.33998911e-06,  2.29596972e-05],
        [ 3.08295239e-05,  3.87806140e-05,  1.70565254e-05, ...,
         -4.43612298e-05,  9.45879674e-06, -1.25256429e-05]],

       [[ 1.23432610e-05,  7.05734647e-06, -5.73796569e-06, ...,
          8.88842806e-07,  1.21006797e-05, -1.97643749e-06],
        [-7.94378138e-06, -1.49488142e-05, -1.77912516e-05, ...,
         -1.46830234e-06,  2.56683888e-05,  2.05271717e-05],
        [-1.33966059e-05, -6.40182907e-06,  2.14040319e-05, ...,
          1.89930256e-06, -2.67465657e-06, -1.35531764e-05],
        ...,
        [-1.89069931e-06, -1.17229456e-05,  1.86150635e-06, ...,
         -2.62864774e-06, -8.70871281e-06, -1.52659668e-05],
        [-1.23374703e-05,  1.97290829e-05,  8.63992045e-06, ...,
          7.38051222e-06,  9.85061160e-06, -1.38968535e-05],
        [ 6.02566297e-06, -1.92663470e-06, -9.64058108e-06, ...,
         -6.88175760e-06,  6.33399713e-06,  1.39616750e-05]],

       [[-9.64102014e-07, -5.72711042e-06,  2.36246979e-06, ...,
         -1.34769232e-06, -2.11278821e-05,  1.37523039e-05],
        [ 2.15212676e-05,  4.27810228e-05, -3.06599177e-05, ...,
          5.22315750e-05,  3.24202892e-06, -8.11908558e-06],
        [-5.32068179e-06, -1.01302512e-05, -1.64398225e-05, ...,
         -1.59585470e-05, -6.10936104e-06, -3.72520662e-05],
        ...,
        [-5.11282087e-06,  5.92787474e-05, -4.57937767e-06, ...,
          1.28891497e-05,  2.81944813e-05, -1.98638645e-05],
        [ 1.67654325e-05, -1.92249590e-05, -1.89028997e-05, ...,
         -2.32943876e-05,  1.89067778e-05,  3.57027056e-05],
        [ 2.38784596e-05, -1.95506109e-05, -2.79009746e-05, ...,
          1.01750293e-05, -9.04711032e-06, -1.92012649e-05]],

       ...,

       [[ 5.83312931e-06,  3.34457727e-05,  1.30455564e-05, ...,
         -1.60091759e-06, -2.93527519e-05, -5.54041480e-06],
        [-8.94225650e-06, -9.43506893e-06,  1.12926682e-05, ...,
          2.51165347e-05,  3.26681547e-05,  1.50048054e-05],
        [ 1.08635741e-05, -2.01165290e-06, -2.92348141e-05, ...,
         -5.36330226e-05, -9.20017101e-06,  1.81400537e-05],
        ...,
        [-1.81254527e-05, -2.58252967e-05,  1.84024375e-05, ...,
          1.05565414e-05, -2.24603500e-05,  1.44086644e-05],
        [ 4.45488331e-05, -1.30961598e-05, -1.66524751e-05, ...,
          2.88448227e-05, -4.10469283e-06, -5.96539685e-05],
        [-8.07881952e-06, -9.08023776e-06,  5.01761042e-06, ...,
         -2.60611268e-05,  1.67786420e-05, -1.00056104e-06]],

       [[-1.53516303e-05, -8.94250297e-06, -2.55511641e-05, ...,
          1.55697326e-05, -1.11524450e-05, -1.34455540e-05],
        [ 4.41615748e-06,  6.71687758e-07,  3.33289208e-05, ...,
         -1.51052618e-05, -1.92466860e-06, -5.15193415e-06],
        [-1.83698035e-06, -3.57707108e-06, -1.74981324e-05, ...,
         -3.07280498e-05, -1.24091348e-05, -2.05280503e-05],
        ...,
        [ 6.97041014e-06, -1.60018408e-06,  1.97823119e-05, ...,
          4.52500826e-05, -2.19279063e-05,  4.04420789e-05],
        [ 5.12506485e-05,  4.79914888e-05,  1.40564662e-05, ...,
         -5.73759962e-07,  8.46771218e-06,  3.19883402e-05],
        [-1.21156954e-05,  3.55532975e-05,  3.94003691e-05, ...,
          4.09985341e-06, -5.26213398e-06, -4.08112974e-05]],

       [[ 1.46975417e-05,  1.34680131e-05, -4.94233120e-07, ...,
          3.64235962e-06,  2.02111478e-05, -1.43750856e-06],
        [-2.67359064e-05, -2.17383204e-05, -1.67723283e-05, ...,
         -5.35512117e-06, -1.14303230e-05,  4.63263723e-06],
        [ 1.99333808e-05,  4.06079816e-05, -2.34090548e-05, ...,
         -5.88967669e-06, -8.76233480e-06, -1.09848506e-05],
        ...,
        [ 5.19802870e-06, -2.43072427e-05, -4.00637036e-05, ...,
         -2.49942441e-05,  9.19282775e-06,  1.36175720e-06],
        [-8.98293820e-06,  9.58617097e-09,  9.77157470e-06, ...,
         -7.23315725e-06, -3.82411054e-05, -1.92754978e-05],
        [ 7.02812486e-06, -2.99578223e-05, -1.40141610e-05, ...,
         -5.81075938e-06, -1.23687505e-05,  1.37012221e-05]]],
      dtype=float32)
    integrands = array([[[-6.32831984e-07,  1.24377053e-07,  3.65154051e-07, ...,
          1.26271604e-09, -1.36444001e-07, -2.90594329e-07],
        [-7.04676140e-08,  4.62436191e-07,  2.81111568e-07, ...,
         -4.45063577e-08, -2.56065604e-08, -1.65473708e-07],
        [-1.00812677e-07, -3.24071543e-08, -2.79576568e-07, ...,
