Application version: 0.6.2.src
Platform: Darwin-20.3.0-x86_64-i386-64bit
Python version: 3.6.12 |Anaconda, Inc.| (default, Sep  8 2020, 17:50:39) 
[GCC Clang 10.0.0 ]
Python 32/64 bit: 64
conda list output:
# packages in environment at /Users/wdiepeveen/anaconda3:
#
# Name                    Version                   Build  Channel
_ipyw_jlab_nb_ext_conf    0.1.0                    py38_0  
alabaster                 0.7.12                     py_0  
anaconda                  2020.11                  py38_0  
anaconda-client           1.7.2                    py38_0  
anaconda-navigator        1.10.0                   py38_0  
anaconda-project          0.8.4                      py_0  
applaunchservices         0.2.1                      py_0  
appnope                   0.1.0                 py38_1001  
appscript                 1.1.1            py38haf1e3a3_0  
argh                      0.26.2                   py38_0  
argon2-cffi               20.1.0           py38haf1e3a3_1  
args                      0.1.0                    pypi_0    pypi
asn1crypto                1.4.0                      py_0  
astroid                   2.4.2                    py38_0  
astropy                   4.0.2            py38haf1e3a3_0  
async_generator           1.10                       py_0  
atomicwrites              1.4.0                      py_0  
attrs                     20.3.0             pyhd3eb1b0_0  
autopep8                  1.5.4                      py_0  
babel                     2.8.1              pyhd3eb1b0_0  
backcall                  0.2.0                      py_0  
backports                 1.0                        py_2  
backports.functools_lru_cache 1.6.1                      py_0  
backports.shutil_get_terminal_size 1.0.0                    py38_2  
backports.tempfile        1.0                        py_1  
backports.weakref         1.0.post1                  py_1  
beautifulsoup4            4.9.3              pyhb0f4dca_0  
bitarray                  1.6.1            py38h9ed2024_0  
bkcharts                  0.2                      py38_0  
blas                      1.0                         mkl  
bleach                    3.2.1                      py_0  
blosc                     1.20.1               hab81aa3_0  
bokeh                     2.2.3                    py38_0  
boto                      2.49.0                   py38_0  
bottleneck                1.3.2            py38hf1fa96c_1  
brotlipy                  0.7.0           py38haf1e3a3_1000  
bzip2                     1.0.8                h1de35cc_0  
ca-certificates           2020.10.14                    0  
certifi                   2020.6.20          pyhd3eb1b0_3  
cffi                      1.14.3           py38hed5b41f_0  
chardet                   3.0.4                 py38_1003  
click                     7.1.2                      py_0  
clint                     0.5.1                    pypi_0    pypi
cloudpickle               1.6.0                      py_0  
clyent                    1.2.2                    py38_1  
coco                      0.4.0                    pypi_0    pypi
colorama                  0.4.4                      py_0  
conda                     4.9.2            py38hecd8cb5_0  
conda-build               3.20.5                   py38_1  
conda-env                 2.6.0                         1  
conda-package-handling    1.7.2            py38h22f3db7_0  
conda-verify              3.4.2                      py_1  
contextlib2               0.6.0.post1                py_0  
cryptography              3.1.1            py38hddc9c9b_0  
curl                      7.71.1               hb0a8c7a_1  
cycler                    0.10.0                   py38_0  
cython                    0.29.21          py38hb1e8313_0  
cytoolz                   0.11.0           py38haf1e3a3_0  
dask                      2.30.0                     py_0  
dask-core                 2.30.0                     py_0  
dbus                      1.13.18              h18a8e69_0  
decorator                 4.4.2                      py_0  
defusedxml                0.6.0                      py_0  
diff-match-patch          20200713                   py_0  
distributed               2.30.1           py38hecd8cb5_0  
docopt                    0.6.2            py38hecd8cb5_0  
docutils                  0.16                     py38_1  
entrypoints               0.3                      py38_0  
et_xmlfile                1.0.1                   py_1001  
expat                     2.2.10               hb1e8313_2  
fastcache                 1.1.0            py38h1de35cc_0  
filelock                  3.0.12                     py_0  
flake8                    3.8.4                      py_0  
flask                     1.1.2                      py_0  
freetype                  2.10.4               ha233b18_0  
fsspec                    0.8.3                      py_0  
future                    0.18.2                   py38_1  
get_terminal_size         1.0.0                h7520d66_0  
gettext                   0.19.8.1             hb0f4f8b_2  
gevent                    20.9.0           py38haf1e3a3_0  
glib                      2.66.1               h9bbe63b_0  
glob2                     0.7                        py_0  
gmp                       6.1.2                hb37e062_1  
gmpy2                     2.0.8            py38h6ef4df4_3  
greenlet                  0.4.17           py38haf1e3a3_0  
h5py                      2.10.0           py38h3134771_0  
hdf5                      1.10.4               hfa1e0ec_0  
heapdict                  1.0.1                      py_0  
html5lib                  1.1                        py_0  
icu                       58.2                 h0a44026_3  
idna                      2.10                       py_0  
imageio                   2.9.0                      py_0  
imagesize                 1.2.0                      py_0  
importlib-metadata        2.0.0                      py_1  
importlib_metadata        2.0.0                         1  
iniconfig                 1.1.1                      py_0  
intel-openmp              2019.4                      233  
intervaltree              3.1.0                      py_0  
ipykernel                 5.3.4            py38h5ca1d4c_0  
ipython                   7.19.0           py38h01d92e1_0  
ipython_genutils          0.2.0                    py38_0  
ipywidgets                7.5.1                      py_1  
isort                     5.6.4                      py_0  
itsdangerous              1.1.0                      py_0  
jbig                      2.1                  h4d881f8_0  
jdcal                     1.4.1                      py_0  
jedi                      0.17.1                   py38_0  
jinja2                    2.11.2                     py_0  
joblib                    0.17.0                     py_0  
jpeg                      9b                   he5867d9_2  
json5                     0.9.5                      py_0  
jsonschema                3.2.0                      py_2  
jupyter                   1.0.0                    py38_7  
jupyter_client            6.1.7                      py_0  
jupyter_console           6.2.0                      py_0  
jupyter_core              4.6.3                    py38_0  
jupyterlab                2.2.6                      py_0  
jupyterlab_pygments       0.1.2                      py_0  
jupyterlab_server         1.2.0                      py_0  
keyring                   21.4.0                   py38_1  
kiwisolver                1.3.0            py38h23ab428_0  
krb5                      1.18.2               h75d18d8_0  
lazy-object-proxy         1.4.3            py38h1de35cc_0  
lcms2                     2.11                 h92f6f08_0  
libarchive                3.4.2                haa3ed63_0  
libcurl                   7.71.1               h8a08a2b_1  
libcxx                    10.0.0                        1  
libedit                   3.1.20191231         h1de35cc_1  
libffi                    3.3                  hb1e8313_2  
libgfortran               3.0.1                h93005f0_2  
libiconv                  1.16                 h1de35cc_0  
liblief                   0.10.1               h0a44026_0  
libllvm10                 10.0.1               h76017ad_5  
libpng                    1.6.37               ha441bb4_0  
libsodium                 1.0.18               h1de35cc_0  
libspatialindex           1.9.3                h0a44026_0  
libssh2                   1.9.0                ha12b0ac_1  
libtiff                   4.1.0                hcb84e12_1  
libxml2                   2.9.10               h7cdb67c_3  
libxslt                   1.1.34               h83b36ba_0  
llvm-openmp               10.0.0               h28b9765_0  
llvmlite                  0.34.0           py38h739e7dc_4  
locket                    0.2.0                    py38_1  
lxml                      4.6.1            py38h63b7cb6_0  
lz4-c                     1.9.2                h79c402e_3  
lzo                       2.10                 haf1e3a3_2  
markupsafe                1.1.1            py38h1de35cc_1  
matplotlib                3.3.2                         0  
matplotlib-base           3.3.2            py38h181983e_0  
mccabe                    0.6.1                    py38_1  
mistune                   0.8.4           py38h1de35cc_1001  
mkl                       2019.4                      233  
mkl-service               2.3.0            py38hfbe908c_0  
mkl_fft                   1.2.0            py38hc64f4ea_0  
mkl_random                1.1.1            py38h959d312_0  
mock                      4.0.2                      py_0  
more-itertools            8.6.0              pyhd3eb1b0_0  
mpc                       1.1.0                h6ef4df4_1  
mpfr                      4.0.2                h9066e36_1  
mpmath                    1.1.0                    py38_0  
msgpack-python            1.0.0            py38h04f5b5a_1  
multipledispatch          0.6.0                    py38_0  
navigator-updater         0.2.1                    py38_0  
nbclient                  0.5.1                      py_0  
nbconvert                 6.0.7                    py38_0  
nbformat                  5.0.8                      py_0  
ncurses                   6.2                  h0a44026_1  
nest-asyncio              1.4.2              pyhd3eb1b0_0  
networkx                  2.5                        py_0  
nltk                      3.5                        py_0  
nose                      1.3.7                 py38_1004  
notebook                  6.1.4                    py38_0  
numba                     0.51.2           py38h6440ff4_1  
numexpr                   2.7.1            py38hce01a72_0  
numpy                     1.19.2           py38h456fd55_0  
numpy-base                1.19.2           py38hcfb5961_0  
numpydoc                  1.1.0              pyhd3eb1b0_1  
olefile                   0.46                       py_0  
openpyxl                  3.0.5                      py_0  
openssl                   1.1.1h               haf1e3a3_0  
packaging                 20.4                       py_0  
pandas                    1.1.3            py38hb1e8313_0  
pandoc                    2.11                 h0dc7051_0  
pandocfilters             1.4.3            py38hecd8cb5_1  
parso                     0.7.0                      py_0  
partd                     1.1.0                      py_0  
path                      15.0.0                   py38_0  
path.py                   12.5.0                        0  
pathlib2                  2.3.5                    py38_1  
pathtools                 0.1.2                      py_1  
patsy                     0.5.1                    py38_0  
pcre                      8.44                 hb1e8313_0  
pep8                      1.7.1                    py38_0  
pexpect                   4.8.0                    py38_1  
pickleshare               0.7.5                 py38_1001  
pillow                    8.0.1            py38h5270095_0  
pip                       20.2.4           py38hecd8cb5_0  
pkginfo                   1.6.1            py38hecd8cb5_0  
pluggy                    0.13.1                   py38_0  
ply                       3.11                     py38_0  
prometheus_client         0.8.0                      py_0  
prompt-toolkit            3.0.8                      py_0  
prompt_toolkit            3.0.8                         0  
psutil                    5.7.2            py38haf1e3a3_0  
ptyprocess                0.6.0                    py38_0  
py                        1.9.0                      py_0  
py-lief                   0.10.1           py38haf313ee_0  
pycocotools               2.0.0           py38h0b31af3_1001    conda-forge/label/cf202003
pycodestyle               2.6.0                      py_0  
pycosat                   0.6.3            py38h1de35cc_1  
pycparser                 2.20                       py_2  
pycurl                    7.43.0.6         py38hddc9c9b_0  
pydocstyle                5.1.1                      py_0  
pyflakes                  2.2.0                      py_0  
pygments                  2.7.2              pyhd3eb1b0_0  
pylint                    2.6.0                    py38_0  
pyodbc                    4.0.30           py38h0a44026_0  
pyopenssl                 19.1.0                     py_1  
pyparsing                 2.4.7                      py_0  
pyqt                      5.9.2            py38h655552a_2  
pyrsistent                0.17.3           py38haf1e3a3_0  
pysocks                   1.7.1                    py38_1  
pytables                  3.6.1            py38h4727e94_0  
pytest                    6.1.1                    py38_0  
python                    3.8.5                h26836e1_1  
python-crontab            2.5.1                    pypi_0    pypi
python-dateutil           2.8.1                      py_0  
python-jsonrpc-server     0.4.0                      py_0  
python-language-server    0.35.1                     py_0  
python-libarchive-c       2.9                        py_0  
python.app                2                       py38_10  
python_abi                3.8                      1_cp38    conda-forge
pytz                      2020.1                     py_0  
pywavelets                1.1.1            py38haf1e3a3_2  
pyyaml                    5.3.1            py38haf1e3a3_1  
pyzmq                     19.0.2           py38hb1e8313_1  
qdarkstyle                2.8.1                      py_0  
qt                        5.9.7                h468cd18_1  
qtawesome                 1.0.1                      py_0  
qtconsole                 4.7.7                      py_0  
qtpy                      1.9.0                      py_0  
readline                  8.0                  h1de35cc_0  
regex                     2020.10.15       py38haf1e3a3_0  
requests                  2.24.0                     py_0  
ripgrep                   12.1.1                        0  
rope                      0.18.0                     py_0  
rtree                     0.9.4                    py38_1  
ruamel_yaml               0.15.87          py38haf1e3a3_1  
scikit-image              0.17.2           py38h81aa140_0  
scikit-learn              0.23.2           py38h959d312_0  
scipy                     1.5.2            py38h2515648_0  
seaborn                   0.11.0                     py_0  
send2trash                1.5.0                    py38_0  
setuptools                50.3.1           py38hecd8cb5_1  
simplegeneric             0.8.1                    py38_2  
singledispatch            3.4.0.3                 py_1001  
sip                       4.19.8           py38h0a44026_0  
six                       1.15.0           py38hecd8cb5_0  
snowballstemmer           2.0.0                      py_0  
sortedcollections         1.2.1                      py_0  
sortedcontainers          2.2.2                      py_0  
soupsieve                 2.0.1                      py_0  
sphinx                    3.2.1                      py_0  
sphinxcontrib             1.0                      py38_1  
sphinxcontrib-applehelp   1.0.2                      py_0  
sphinxcontrib-devhelp     1.0.2                      py_0  
sphinxcontrib-htmlhelp    1.0.3                      py_0  
sphinxcontrib-jsmath      1.0.1                      py_0  
sphinxcontrib-qthelp      1.0.3                      py_0  
sphinxcontrib-serializinghtml 1.1.4                      py_0  
sphinxcontrib-websupport  1.2.4                      py_0  
spyder                    4.1.5                    py38_0  
spyder-kernels            1.9.4                    py38_0  
sqlalchemy                1.3.20           py38h9ed2024_0  
sqlite                    3.33.0               hffcf06c_0  
statsmodels               0.12.0           py38haf1e3a3_0  
sympy                     1.6.2            py38hecd8cb5_1  
tablib                    3.0.0                    pypi_0    pypi
tblib                     1.7.0                      py_0  
terminado                 0.9.1                    py38_0  
testpath                  0.4.4                      py_0  
threadpoolctl             2.1.0              pyh5ca1d4c_0  
tifffile                  2020.10.1        py38h0cf3a3e_2  
tk                        8.6.10               hb0a8c7a_0  
toml                      0.10.1                     py_0  
toolz                     0.11.1                     py_0  
tornado                   6.0.4            py38h1de35cc_1  
tqdm                      4.50.2                     py_0  
traitlets                 5.0.5                      py_0  
typing_extensions         3.7.4.3                    py_0  
ujson                     4.0.1            py38hb1e8313_0  
unicodecsv                0.14.1                   py38_0  
unixodbc                  2.3.9                haf1e3a3_0  
urllib3                   1.25.11                    py_0  
watchdog                  0.10.3           py38haf1e3a3_0  
wcwidth                   0.2.5                      py_0  
webencodings              0.5.1                    py38_1  
werkzeug                  1.0.1                      py_0  
wheel                     0.35.1                     py_0  
widgetsnbextension        3.5.1                    py38_0  
wrapt                     1.11.2           py38h1de35cc_0  
wurlitzer                 2.0.1                    py38_0  
xlrd                      1.2.0                      py_0  
xlsxwriter                1.3.7                      py_0  
xlwings                   0.20.8                   py38_0  
xlwt                      1.3.0                    py38_0  
xmltodict                 0.12.0                     py_0  
xz                        5.2.5                h1de35cc_0  
yaml                      0.2.5                haf1e3a3_0  
yapf                      0.30.0                     py_0  
zeromq                    4.3.3                hb1e8313_3  
zict                      2.0.0                      py_0  
zipp                      3.4.0              pyhd3eb1b0_0  
zlib                      1.2.11               h1de35cc_3  
zope                      1.0                      py38_1  
zope.event                4.5.0                    py38_0  
zope.interface            5.1.2            py38haf1e3a3_0  
zstd                      1.4.5                h41d2c2f_0  

pip freeze output:
alabaster==0.7.12
appnope==0.1.2
argon2-cffi==20.1.0
aspire==0.6.2
async-generator==1.10
attrs==20.3.0
Babel==2.9.0
backcall==0.2.0
bleach==3.3.0
certifi==2020.12.5
cffi==1.14.4
chardet==4.0.0
click==7.1.2
coverage==5.4
cycler==0.10.0
decorator==4.4.2
defusedxml==0.6.0
docutils==0.16
entrypoints==0.3
finufft==2.0.0
future==0.18.2
idna==2.10
imageio==2.9.0
imagesize==1.2.0
importlib-metadata==3.4.0
importlib-resources==5.1.0
iniconfig==1.1.1
ipykernel==5.4.3
ipython==7.16.1
ipython-genutils==0.2.0
ipywidgets==7.6.3
jedi==0.18.0
Jinja2==2.11.3
joblib==1.0.0
jsonschema==3.2.0
jupyter==1.0.0
jupyter-client==6.1.11
jupyter-console==6.2.0
jupyter-core==4.7.1
jupyterlab-pygments==0.1.2
jupyterlab-widgets==1.0.0
kiwisolver==1.3.1
latexcodec==2.0.1
MarkupSafe==1.1.1
matplotlib==3.3.4
mistune==0.8.4
mrcfile==1.2.0
nbclient==0.5.1
nbconvert==6.0.7
nbformat==5.1.2
nest-asyncio==1.5.1
networkx==2.5
notebook==6.2.0
numpy==1.16.0
numpydoc==0.7.0
odl==0.7.0
packaging==20.9
pandas==0.25.3
pandocfilters==1.4.3
parso==0.8.1
pexpect==4.8.0
pickleshare==0.7.5
Pillow==8.1.0
pluggy==0.13.1
prometheus-client==0.9.0
prompt-toolkit==3.0.14
ptyprocess==0.7.0
py==1.10.0
pybind11==2.6.2
pybtex==0.24.0
pybtex-docutils==1.0.0
pycparser==2.20
pyFFTW==0.12.0
Pygments==2.7.4
pymanopt==0.2.5
pyparsing==2.4.7
pyrsistent==0.17.3
pytest==6.2.2
pytest-cov==2.11.1
python-dateutil==2.8.1
python-dotenv==0.15.0
pytz==2021.1
PyWavelets==1.1.1
PyYAML==5.4.1
pyzmq==22.0.2
qtconsole==5.0.2
QtPy==1.9.0
requests==2.25.1
scikit-image==0.16.2
scikit-learn==0.24.1
scipy==1.4.0
Send2Trash==1.5.0
six==1.15.0
snowballstemmer==2.1.0
Sphinx==3.4.3
sphinx-rtd-theme==0.5.1
sphinxcontrib-applehelp==1.0.2
sphinxcontrib-bibtex==2.1.4
sphinxcontrib-devhelp==1.0.2
sphinxcontrib-htmlhelp==1.0.3
sphinxcontrib-jsmath==1.0.1
sphinxcontrib-qthelp==1.0.3
sphinxcontrib-serializinghtml==1.1.4
terminado==0.9.2
testpath==0.4.4
threadpoolctl==2.1.0
toml==0.10.2
tornado==6.1
tqdm==4.56.0
traitlets==4.3.3
typing-extensions==3.7.4.3
urllib3==1.26.3
wcwidth==0.2.5
webencodings==0.5.1
widgetsnbextension==3.5.1
zipp==3.4.0

Exception Details (most recent call last)
  File "/Users/wdiepeveen/Documents/PhD/Projects/2 - Cryo-EM/src/src/Cryo-EM/main.py", line 4, in <module>
    run_experiment()
    __annotations__ = {}
    __builtins__ = <module 'builtins' (built-in)>
    __cached__ = None
    __doc__ = None
    __file__ = '/Users/wdiepeveen/Documents/PhD/Projects/2 - Cryo-EM/src/src/Cryo-EM/main.py'
    __loader__ = <_frozen_importlib_external.SourceFileLoader object at 0x7fd48ce716d8>
    __name__ = '__main__'
    __package__ = None
    __spec__ = None
    run_experiment = <function run_experiment at 0x7fd48e50c1e0>

  File "/Users/wdiepeveen/Documents/PhD/Projects/2 - Cryo-EM/src/src/Cryo-EM/experiments/primal_dual_volume_and_rotation_reconstruction/__init__.py", line 76, in run_experiment
    results_folder=results_folder
    data_dir = 'data'
    data_filename = 'clean70SRibosome_vol_65p.mrc'
    data_path = 'data/clean70SRibosome_vol_65p.mrc'
    exp = <tools.exp_tools.Exp object at 0x7fd48cf4bb00>
    i = 0
    img_size = 65
    img_size_init = 33
    j = 0
    max_it = 5
    num_imgs = 512
    nums_imgs = [512]
    results_folder = 'results/pd_vol_rot_reconstruction_21-03-01_17-52-06'
    skip_main_experiment = False
    skip_preprocessing = True
    snr = 0.5
    snr_range = [0.5]

  File "/Users/wdiepeveen/Documents/PhD/Projects/2 - Cryo-EM/src/src/Cryo-EM/experiments/primal_dual_volume_and_rotation_reconstruction/experiment.py", line 88, in experiment
    solver.solve(return_result=False)
    cost_function = <function experiment.<locals>.cost_function at 0x7fd495614620>
    data_dir = 'results/pd_vol_rot_reconstruction_21-03-01_17-52-06'
    dtype = dtype('float32')
    exp = <tools.exp_tools.Exp object at 0x7fd48cf4bb00>
    gradient_u = <function experiment.<locals>.gradient_u at 0x7fd48cec5ea0>
    lam1 = 2.3668639053254438e-05
    lam2 = 1e-09
    max_it = 5
    num_imgs = 512
    old_sim = <aspire.source.simulation.Simulation object at 0x7fd495610c88>
    prob = <problems.primal_dual_problem.PrimalDualProblem object at 0x7fd49561e4e0>
    prox_primal_g = <function experiment.<locals>.prox_primal_g at 0x7fd49565cc80>
    results_folder = 'results/pd_vol_rot_reconstruction_21-03-01_17-52-06'
    rot_init = array([[[-0.63468335, -0.38048745,  0.67261159],
        [ 0.46465267,  0.50757489,  0.72557951],
        [-0.61747465,  0.77304401, -0.14535482]],

       [[-0.97512964, -0.16926111, -0.14308343],
        [-0.2076773 ,  0.47231896,  0.85661248],
        [-0.07741016,  0.86502339, -0.49572391]],

       [[-0.51359538, -0.8579595 , -0.01119283],
        [ 0.75493425, -0.44564536, -0.48111795],
        [ 0.40779169, -0.25554981,  0.87658441]],

       ..., 
       [[ 0.68745005,  0.55386745,  0.46972681],
        [-0.4305231 ,  0.83170052, -0.35060534],
        [-0.58486092,  0.03879541,  0.81020529]],

       [[ 0.4268963 , -0.63743473,  0.64143317],
        [ 0.27246757,  0.76701801,  0.58089998],
        [-0.86227662, -0.07321432,  0.50111744]],

       [[-0.47380619, -0.39989475,  0.78459664],
        [ 0.17827396,  0.8289468 ,  0.53015621],
        [-0.86239555,  0.39106444, -0.3214693 ]]])
    rots_gt = array([[[ 0.8472018 ,  0.35635847,  0.39402747],
        [ 0.3245176 ,  0.24010392, -0.91489804],
        [-0.42063922,  0.90297216,  0.08777189]],

       [[ 0.50811654,  0.4332875 ,  0.74436516],
        [-0.00507289,  0.8657368 , -0.50047386],
        [-0.86127335,  0.25052297,  0.44209322]],

       [[ 0.70046335,  0.15106355,  0.6975177 ],
        [-0.6937326 , -0.08538228,  0.71515375],
        [ 0.16758932, -0.9848298 ,  0.04499056]],

       ..., 
       [[ 0.2852245 ,  0.7310058 , -0.61990124],
        [ 0.0869106 , -0.6638287 , -0.74281764],
        [-0.9545122 ,  0.15799381, -0.25287235]],

       [[ 0.682833  ,  0.48879188, -0.54297477],
        [ 0.48945773, -0.85783243, -0.15669908],
        [-0.5423746 , -0.1587639 , -0.8249993 ]],

       [[ 0.49022612, -0.65302056, -0.5772716 ],
        [-0.05106302,  0.6396606 , -0.7669595 ],
        [ 0.87009823,  0.4054608 ,  0.28023311]]], dtype=float32)
    sim = <aspire.source.simulation.Simulation object at 0x7fd495610e48>
    sim1 = <aspire.source.simulation.Simulation object at 0x7fd495610cc0>
    sim_data = {'sim': <aspire.source.simulation.Simulation object at 0x7fd495610c88>, 'vol_init': <aspire.volume.Volume object at 0x7fd49561ea20>, 'rot_init': array([[[-0.63468335, -0.38048745,  0.67261159],
        [ 0.46465267,  0.50757489,  0.72557951],
        [-0.61747465,  0.77304401, -0.14535482]],

       [[-0.97512964, -0.16926111, -0.14308343],
        [-0.2076773 ,  0.47231896,  0.85661248],
        [-0.07741016,  0.86502339, -0.49572391]],

       [[-0.51359538, -0.8579595 , -0.01119283],
        [ 0.75493425, -0.44564536, -0.48111795],
        [ 0.40779169, -0.25554981,  0.87658441]],

       ..., 
       [[ 0.68745005,  0.55386745,  0.46972681],
        [-0.4305231 ,  0.83170052, -0.35060534],
        [-0.58486092,  0.03879541,  0.81020529]],

       [[ 0.4268963 , -0.63743473,  0.64143317],
        [ 0.27246757,  0.76701801,  0.58089998],
        [-0.86227662, -0.07321432,  0.50111744]],

       [[-0.47380619, -0.39989475,  0.78459664],
        [ 0.17827396,  0.8289468 ,  0.53015621],
        [-0.86239555,  0.39106444, -0.3214693 ]]]), 'vol_gt': <aspire.volume.Volume object at 0x7fd49561ea90>, 'rots_gt': array([[[ 0.8472018 ,  0.35635847,  0.39402747],
        [ 0.3245176 ,  0.24010392, -0.91489804],
        [-0.42063922,  0.90297216,  0.08777189]],

       [[ 0.50811654,  0.4332875 ,  0.74436516],
        [-0.00507289,  0.8657368 , -0.50047386],
        [-0.86127335,  0.25052297,  0.44209322]],

       [[ 0.70046335,  0.15106355,  0.6975177 ],
        [-0.6937326 , -0.08538228,  0.71515375],
        [ 0.16758932, -0.9848298 ,  0.04499056]],

       ..., 
       [[ 0.2852245 ,  0.7310058 , -0.61990124],
        [ 0.0869106 , -0.6638287 , -0.74281764],
        [-0.9545122 ,  0.15799381, -0.25287235]],

       [[ 0.682833  ,  0.48879188, -0.54297477],
        [ 0.48945773, -0.85783243, -0.15669908],
        [-0.5423746 , -0.1587639 , -0.8249993 ]],

       [[ 0.49022612, -0.65302056, -0.5772716 ],
        [-0.05106302,  0.6396606 , -0.7669595 ],
        [ 0.87009823,  0.4054608 ,  0.28023311]]], dtype=float32)}
    snr = 0.5
    solver = <solvers.primal_dual_solver.PrimalDualSolver object at 0x7fd495610eb8>
    vol_gt = <aspire.volume.Volume object at 0x7fd49561ea90>
    vol_init = <aspire.volume.Volume object at 0x7fd49561ea20>

  File "/Users/wdiepeveen/Documents/PhD/Projects/2 - Cryo-EM/src/src/Cryo-EM/solvers/primal_dual_solver.py", line 111, in solve
    self.primal_dual_step_g()
    k = 1
    return_result = False
    running_error = 1.0
    self = <solvers.primal_dual_solver.PrimalDualSolver object at 0x7fd495610eb8>

  File "/Users/wdiepeveen/Documents/PhD/Projects/2 - Cryo-EM/src/src/Cryo-EM/solvers/primal_dual_solver.py", line 140, in primal_dual_step_g
    print("xi_={}".format(self.xi_.asnumpy()[0]))
    m = array([[[-0.35415736,  0.9123783 , -0.20527638],
        [ 0.31893262,  0.32417908,  0.89061207],
        [ 0.8791215 ,  0.24994749, -0.40579763]],

       [[-0.32925496,  0.25704062,  0.90858203],
        [-0.9183657 , -0.31089196, -0.24484812],
        [ 0.21953492, -0.91502804,  0.33842   ]],

       [[ 0.39158517,  0.91871125,  0.05129052],
        [ 0.8510861 , -0.34044716, -0.3996851 ],
        [-0.3497335 ,  0.20016341, -0.9152164 ]],

       ..., 
       [[ 0.35862732, -0.8307331 ,  0.4257569 ],
        [-0.88298947, -0.44986057, -0.1339965 ],
        [ 0.30284658, -0.32788405, -0.89486086]],

       [[ 0.1735782 , -0.9847946 , -0.00708413],
        [ 0.6584301 ,  0.11069851,  0.7444566 ],
        [-0.7323527 , -0.13388585,  0.66763324]],

       [[ 0.6511182 ,  0.04981657,  0.75733966],
        [-0.32210934, -0.88538474,  0.33517075],
        [ 0.68723404, -0.46218196, -0.56044376]]], dtype=float32)
    manifold = <pymanopt.manifolds.rotations.Rotations object at 0x7fd495678518>
    old_xi = array([[[ 0.,  0.,  0., ...,  0.,  0.,  0.],
        [ 0.,  0.,  0., ...,  0.,  0.,  0.],
        [ 0.,  0.,  0., ...,  0.,  0.,  0.],
        ..., 
        [ 0.,  0.,  0., ...,  0.,  0.,  0.],
        [ 0.,  0.,  0., ...,  0.,  0.,  0.],
        [ 0.,  0.,  0., ...,  0.,  0.,  0.]],

       [[ 0.,  0.,  0., ...,  0.,  0.,  0.],
        [ 0.,  0.,  0., ...,  0.,  0.,  0.],
        [ 0.,  0.,  0., ...,  0.,  0.,  0.],
        ..., 
        [ 0.,  0.,  0., ...,  0.,  0.,  0.],
        [ 0.,  0.,  0., ...,  0.,  0.,  0.],
        [ 0.,  0.,  0., ...,  0.,  0.,  0.]],

       [[ 0.,  0.,  0., ...,  0.,  0.,  0.],
        [ 0.,  0.,  0., ...,  0.,  0.,  0.],
        [ 0.,  0.,  0., ...,  0.,  0.,  0.],
        ..., 
        [ 0.,  0.,  0., ...,  0.,  0.,  0.],
        [ 0.,  0.,  0., ...,  0.,  0.,  0.],
        [ 0.,  0.,  0., ...,  0.,  0.,  0.]],

       ..., 
       [[ 0.,  0.,  0., ...,  0.,  0.,  0.],
        [ 0.,  0.,  0., ...,  0.,  0.,  0.],
        [ 0.,  0.,  0., ...,  0.,  0.,  0.],
        ..., 
        [ 0.,  0.,  0., ...,  0.,  0.,  0.],
        [ 0.,  0.,  0., ...,  0.,  0.,  0.],
        [ 0.,  0.,  0., ...,  0.,  0.,  0.]],

       [[ 0.,  0.,  0., ...,  0.,  0.,  0.],
        [ 0.,  0.,  0., ...,  0.,  0.,  0.],
        [ 0.,  0.,  0., ...,  0.,  0.,  0.],
        ..., 
        [ 0.,  0.,  0., ...,  0.,  0.,  0.],
        [ 0.,  0.,  0., ...,  0.,  0.,  0.],
        [ 0.,  0.,  0., ...,  0.,  0.,  0.]],

       [[ 0.,  0.,  0., ...,  0.,  0.,  0.],
        [ 0.,  0.,  0., ...,  0.,  0.,  0.],
        [ 0.,  0.,  0., ...,  0.,  0.,  0.],
        ..., 
        [ 0.,  0.,  0., ...,  0.,  0.,  0.],
        [ 0.,  0.,  0., ...,  0.,  0.,  0.],
        [ 0.,  0.,  0., ...,  0.,  0.,  0.]]], dtype=float32)
    self = <solvers.primal_dual_solver.PrimalDualSolver object at 0x7fd495610eb8>

