Application version: 0.6.2.src
Platform: Darwin-20.5.0-x86_64-i386-64bit
Python version: 3.6.12 |Anaconda, Inc.| (default, Sep  8 2020, 17:50:39) 
[GCC Clang 10.0.0 ]
Python 32/64 bit: 64
conda list output:
# packages in environment at /Users/wdiepeveen/anaconda3:
#
# Name                    Version                   Build  Channel
_anaconda_depends         2020.07                  py38_0  
_ipyw_jlab_nb_ext_conf    0.1.0                    py38_0  
alabaster                 0.7.12             pyhd3eb1b0_0  
anaconda                  custom                   py38_1  
anaconda-client           1.7.2                    py38_0  
anaconda-navigator        2.0.1                    py38_0  
anaconda-project          0.9.1              pyhd3eb1b0_1  
anyio                     2.2.0            py38hecd8cb5_1  
applaunchservices         0.2.1                      py_0  
appnope                   0.1.2           py38hecd8cb5_1001  
appscript                 1.1.2            py38h9ed2024_0  
argh                      0.26.2                   py38_0  
argon2-cffi               20.1.0           py38h9ed2024_1  
args                      0.1.0                    pypi_0    pypi
asn1crypto                1.4.0                      py_0  
astroid                   2.5              py38hecd8cb5_1  
astropy                   4.2.1            py38h9ed2024_1  
async_generator           1.10               pyhd3eb1b0_0  
atomicwrites              1.4.0                      py_0  
attrs                     20.3.0             pyhd3eb1b0_0  
autopep8                  1.5.6              pyhd3eb1b0_0  
babel                     2.9.0              pyhd3eb1b0_0  
backcall                  0.2.0              pyhd3eb1b0_0  
backports                 1.0                pyhd3eb1b0_2  
backports.functools_lru_cache 1.6.4              pyhd3eb1b0_0  
backports.shutil_get_terminal_size 1.0.0              pyhd3eb1b0_3  
backports.tempfile        1.0                pyhd3eb1b0_1  
backports.weakref         1.0.post1                  py_1  
beautifulsoup4            4.9.3              pyha847dfd_0  
bitarray                  1.9.2            py38h9ed2024_1  
bkcharts                  0.2                      py38_0  
blas                      1.0                         mkl  
bleach                    3.3.0              pyhd3eb1b0_0  
blosc                     1.21.0               h2842e9f_0  
bokeh                     2.3.1            py38hecd8cb5_0  
boto                      2.49.0                   py38_0  
bottleneck                1.3.2            py38hf1fa96c_1  
brotlipy                  0.7.0           py38h9ed2024_1003  
bzip2                     1.0.8                h1de35cc_0  
c-ares                    1.17.1               h9ed2024_0  
ca-certificates           2021.4.13            hecd8cb5_1  
certifi                   2020.12.5        py38hecd8cb5_0  
cffi                      1.14.5           py38h2125817_0  
chardet                   4.0.0           py38hecd8cb5_1003  
click                     7.1.2              pyhd3eb1b0_0  
clint                     0.5.1                    pypi_0    pypi
cloudpickle               1.6.0                      py_0  
clyent                    1.2.2                    py38_1  
coco                      0.4.0                    pypi_0    pypi
colorama                  0.4.4              pyhd3eb1b0_0  
conda                     4.10.1           py38hecd8cb5_1  
conda-build               3.21.4           py38hecd8cb5_0  
conda-env                 2.6.0                         1  
conda-package-handling    1.7.3            py38h9ed2024_1  
conda-repo-cli            1.0.3              pyhd3eb1b0_0  
conda-token               0.2.0              pyhd3eb1b0_0  
conda-verify              3.4.2                      py_1  
contextlib2               0.6.0.post1                py_0  
cryptography              3.4.7            py38h2fd3fbb_0  
curl                      7.71.1               hb0a8c7a_1  
cycler                    0.10.0                   py38_0  
cython                    0.29.23          py38h23ab428_0  
cytoolz                   0.11.0           py38haf1e3a3_0  
dask                      2021.4.0           pyhd3eb1b0_0  
dask-core                 2021.4.0           pyhd3eb1b0_0  
dbus                      1.13.18              h18a8e69_0  
decorator                 4.4.2              pyhd3eb1b0_0  
defusedxml                0.7.1              pyhd3eb1b0_0  
diff-match-patch          20200713                   py_0  
distributed               2021.4.0         py38hecd8cb5_0  
docopt                    0.6.2            py38hecd8cb5_0  
docutils                  0.16                     py38_1  
entrypoints               0.3                      py38_0  
et_xmlfile                1.0.1                   py_1001  
expat                     2.3.0                h23ab428_2  
fastcache                 1.1.0            py38h1de35cc_0  
filelock                  3.0.12             pyhd3eb1b0_1  
flake8                    3.9.0              pyhd3eb1b0_0  
flask                     1.1.2              pyhd3eb1b0_0  
freetype                  2.10.4               ha233b18_0  
fsspec                    0.9.0              pyhd3eb1b0_0  
future                    0.18.2                   py38_1  
get_terminal_size         1.0.0                h7520d66_0  
gettext                   0.21.0               h7535e17_0  
gevent                    21.1.2           py38h9ed2024_1  
glib                      2.68.1               hdf23fa2_0  
glob2                     0.7                pyhd3eb1b0_0  
gmp                       6.2.1                h23ab428_2  
gmpy2                     2.0.8            py38h6ef4df4_3  
greenlet                  1.0.0            py38h23ab428_2  
h5py                      2.10.0           py38h3134771_0  
hdf5                      1.10.4               hfa1e0ec_0  
heapdict                  1.0.1                      py_0  
html5lib                  1.1                        py_0  
icu                       58.2                 h0a44026_3  
idna                      2.10               pyhd3eb1b0_0  
imageio                   2.9.0              pyhd3eb1b0_0  
imagesize                 1.2.0              pyhd3eb1b0_0  
importlib-metadata        3.10.0           py38hecd8cb5_0  
importlib_metadata        3.10.0               hd3eb1b0_0  
iniconfig                 1.1.1              pyhd3eb1b0_0  
intel-openmp              2021.2.0                 pypi_0    pypi
intervaltree              3.1.0                      py_0  
ipykernel                 5.3.4            py38h5ca1d4c_0  
ipython                   7.22.0           py38h01d92e1_0  
ipython_genutils          0.2.0              pyhd3eb1b0_1  
ipywidgets                7.6.3              pyhd3eb1b0_1  
isort                     5.8.0              pyhd3eb1b0_0  
itsdangerous              1.1.0              pyhd3eb1b0_0  
jbig                      2.1                  h4d881f8_0  
jdcal                     1.4.1                      py_0  
jedi                      0.17.1                   py38_0  
jinja2                    2.11.3             pyhd3eb1b0_0  
joblib                    1.0.1              pyhd3eb1b0_0  
jpeg                      9b                   he5867d9_2  
json5                     0.9.5                      py_0  
jsonschema                3.2.0                      py_2  
jupyter                   1.0.0                    py38_7  
jupyter-packaging         0.7.12             pyhd3eb1b0_0  
jupyter_client            6.1.12             pyhd3eb1b0_0  
jupyter_console           6.4.0              pyhd3eb1b0_0  
jupyter_core              4.7.1            py38hecd8cb5_0  
jupyter_server            1.4.1            py38hecd8cb5_0  
jupyterlab                3.0.14             pyhd3eb1b0_1  
jupyterlab_pygments       0.1.2                      py_0  
jupyterlab_server         2.4.0              pyhd3eb1b0_0  
jupyterlab_widgets        1.0.0              pyhd3eb1b0_1  
keyring                   22.3.0           py38hecd8cb5_0  
kiwisolver                1.3.1            py38h23ab428_0  
krb5                      1.18.2               h75d18d8_0  
lazy-object-proxy         1.6.0            py38h9ed2024_0  
lcms2                     2.12                 hf1fd2bf_0  
libarchive                3.4.2                haa3ed63_0  
libcurl                   7.71.1               h8a08a2b_1  
libcxx                    10.0.0                        1  
libedit                   3.1.20210216         h9ed2024_1  
libev                     4.33                 haf1e3a3_0  
libffi                    3.3                  hb1e8313_2  
libgfortran               3.0.1                h93005f0_2  
libiconv                  1.16                 h1de35cc_0  
liblief                   0.10.1               h0a44026_0  
libllvm10                 10.0.1               h76017ad_5  
libllvm9                  9.0.1                h21ff451_1  
libpng                    1.6.37               ha441bb4_0  
libsodium                 1.0.18               h1de35cc_0  
libspatialindex           1.9.3                h23ab428_0  
libssh2                   1.9.0                ha12b0ac_1  
libtiff                   4.2.0                h87d7836_0  
libuv                     1.40.0               haf1e3a3_0  
libwebp-base              1.2.0                h9ed2024_0  
libxml2                   2.9.10               h7cdb67c_3  
libxslt                   1.1.34               h83b36ba_0  
llvm-openmp               10.0.0               h28b9765_0  
llvmlite                  0.36.0           py38he4411ff_4  
locket                    0.2.1            py38hecd8cb5_1  
lxml                      4.6.3            py38h26b266a_0  
lz4-c                     1.9.3                h23ab428_0  
lzo                       2.10                 haf1e3a3_2  
markupsafe                1.1.1            py38h1de35cc_1  
matplotlib                3.3.4            py38hecd8cb5_0  
matplotlib-base           3.3.4            py38h8b3ea08_0  
mccabe                    0.6.1                    py38_1  
mistune                   0.8.4           py38h1de35cc_1001  
mkl                       2021.2.0                 pypi_0    pypi
mkl-service               2.3.0            py38h9ed2024_1  
mkl_fft                   1.3.0            py38h4a7008c_2  
mkl_random                1.2.1            py38hb2f4e1b_2  
mock                      4.0.3              pyhd3eb1b0_0  
more-itertools            8.7.0              pyhd3eb1b0_0  
mpc                       1.1.0                h6ef4df4_1  
mpfr                      4.0.2                h9066e36_1  
mpmath                    1.2.1            py38hecd8cb5_0  
msgpack-python            1.0.2            py38hf7b0b51_1  
multipledispatch          0.6.0                    py38_0  
navigator-updater         0.2.1                    py38_0  
nbclassic                 0.2.6              pyhd3eb1b0_0  
nbclient                  0.5.1                      py_0  
nbconvert                 6.0.7                    py38_0  
nbformat                  5.1.3              pyhd3eb1b0_0  
ncurses                   6.2                  h0a44026_1  
nest-asyncio              1.4.2              pyhd3eb1b0_0  
networkx                  2.5.1              pyhd3eb1b0_0  
nltk                      3.6.1              pyhd3eb1b0_0  
nose                      1.3.7           pyhd3eb1b0_1006  
notebook                  6.3.0            py38hecd8cb5_0  
numba                     0.53.1           py38hb2f4e1b_0  
numexpr                   2.7.3            py38h5873af2_1  
numpy                     1.20.1           py38hd6e1bb9_0  
numpy-base                1.20.1           py38h585ceec_0  
numpydoc                  1.1.0              pyhd3eb1b0_1  
olefile                   0.46                       py_0  
openpyxl                  3.0.7              pyhd3eb1b0_0  
openssl                   1.1.1k               h9ed2024_0  
packaging                 20.9               pyhd3eb1b0_0  
pandas                    1.2.4            py38h23ab428_0  
pandoc                    2.12                 hecd8cb5_0  
pandocfilters             1.4.3            py38hecd8cb5_1  
parso                     0.7.0                      py_0  
partd                     1.2.0              pyhd3eb1b0_0  
path                      15.1.2           py38hecd8cb5_0  
path.py                   12.5.0                        0  
pathlib2                  2.3.5            py38hecd8cb5_2  
pathtools                 0.1.2                      py_1  
patsy                     0.5.1                    py38_0  
pcre                      8.44                 hb1e8313_0  
pep8                      1.7.1                    py38_0  
pexpect                   4.8.0              pyhd3eb1b0_3  
pickleshare               0.7.5           pyhd3eb1b0_1003  
pillow                    8.2.0            py38h5270095_0  
pip                       21.0.1           py38hecd8cb5_0  
pkginfo                   1.7.0            py38hecd8cb5_0  
pluggy                    0.13.1           py38hecd8cb5_0  
ply                       3.11                     py38_0  
prometheus_client         0.10.1             pyhd3eb1b0_0  
prompt-toolkit            3.0.17             pyh06a4308_0  
prompt_toolkit            3.0.17               hd3eb1b0_0  
psutil                    5.8.0            py38h9ed2024_1  
ptyprocess                0.7.0              pyhd3eb1b0_2  
py                        1.10.0             pyhd3eb1b0_0  
py-lief                   0.10.1           py38haf313ee_0  
pycocotools               2.0.0           py38h0b31af3_1001    conda-forge/label/cf202003
pycodestyle               2.6.0              pyhd3eb1b0_0  
pycosat                   0.6.3            py38h1de35cc_1  
pycparser                 2.20                       py_2  
pycurl                    7.43.0.6         py38hddc9c9b_0  
pydocstyle                6.0.0              pyhd3eb1b0_0  
pyerfa                    1.7.3            py38h9ed2024_0  
pyflakes                  2.2.0              pyhd3eb1b0_0  
pygments                  2.8.1              pyhd3eb1b0_0  
pylint                    2.7.4            py38hecd8cb5_1  
pyodbc                    4.0.30           py38h0a44026_0  
pyopenssl                 20.0.1             pyhd3eb1b0_1  
pyparsing                 2.4.7              pyhd3eb1b0_0  
pyqt                      5.9.2            py38h655552a_2  
pyrsistent                0.17.3           py38haf1e3a3_0  
pysocks                   1.7.1                    py38_1  
pytables                  3.6.1            py38h4727e94_0  
pytest                    6.2.3            py38hecd8cb5_2  
python                    3.8.8                h88f2d9e_5  
python-crontab            2.5.1                    pypi_0    pypi
python-dateutil           2.8.1              pyhd3eb1b0_0  
python-jsonrpc-server     0.4.0                      py_0  
python-language-server    0.35.1                     py_0  
python-libarchive-c       2.9                pyhd3eb1b0_1  
python.app                3                py38h9ed2024_0  
pytz                      2021.1             pyhd3eb1b0_0  
pywavelets                1.1.1            py38haf1e3a3_2  
pyyaml                    5.4.1            py38h9ed2024_1  
pyzmq                     20.0.0           py38h23ab428_1  
qdarkstyle                3.0.2              pyhd3eb1b0_0  
qt                        5.9.7                h468cd18_1  
qtawesome                 1.0.2              pyhd3eb1b0_0  
qtconsole                 5.0.3              pyhd3eb1b0_0  
qtpy                      1.9.0                      py_0  
readline                  8.1                  h9ed2024_0  
regex                     2021.4.4         py38h9ed2024_0  
requests                  2.25.1             pyhd3eb1b0_0  
ripgrep                   12.1.1                        0  
rope                      0.18.0                     py_0  
rtree                     0.9.7            py38hecd8cb5_1  
ruamel_yaml               0.15.100         py38h9ed2024_0  
scikit-image              0.18.1           py38hb2f4e1b_0  
scikit-learn              0.24.1           py38hb2f4e1b_0  
scipy                     1.6.2            py38hd5f7400_1  
seaborn                   0.11.1             pyhd3eb1b0_0  
send2trash                1.5.0              pyhd3eb1b0_1  
setuptools                52.0.0           py38hecd8cb5_0  
simplegeneric             0.8.1                    py38_2  
singledispatch            3.6.1           pyhd3eb1b0_1001  
sip                       4.19.8           py38h0a44026_0  
six                       1.15.0           py38hecd8cb5_0  
snappy                    1.1.8                hb1e8313_0  
sniffio                   1.2.0            py38hecd8cb5_1  
snowballstemmer           2.1.0              pyhd3eb1b0_0  
sortedcollections         2.1.0              pyhd3eb1b0_0  
sortedcontainers          2.3.0              pyhd3eb1b0_0  
soupsieve                 2.2.1              pyhd3eb1b0_0  
sphinx                    3.5.4              pyhd3eb1b0_0  
sphinxcontrib             1.0                      py38_1  
sphinxcontrib-applehelp   1.0.2              pyhd3eb1b0_0  
sphinxcontrib-devhelp     1.0.2              pyhd3eb1b0_0  
sphinxcontrib-htmlhelp    1.0.3              pyhd3eb1b0_0  
sphinxcontrib-jsmath      1.0.1              pyhd3eb1b0_0  
sphinxcontrib-qthelp      1.0.3              pyhd3eb1b0_0  
sphinxcontrib-serializinghtml 1.1.4              pyhd3eb1b0_0  
sphinxcontrib-websupport  1.2.4                      py_0  
spyder                    4.1.5                    py38_0  
spyder-kernels            1.9.4                    py38_0  
sqlalchemy                1.4.7            py38h9ed2024_0  
sqlite                    3.35.4               hce871da_0  
statsmodels               0.12.2           py38h9ed2024_0  
sympy                     1.8              py38hecd8cb5_0  
tablib                    3.0.0                    pypi_0    pypi
tbb                       2021.2.0                 pypi_0    pypi
tblib                     1.7.0                      py_0  
terminado                 0.9.4            py38hecd8cb5_0  
testpath                  0.4.4              pyhd3eb1b0_0  
threadpoolctl             2.1.0              pyh5ca1d4c_0  
tifffile                  2020.10.1        py38h0cf3a3e_2  
tk                        8.6.10               hb0a8c7a_0  
toml                      0.10.2             pyhd3eb1b0_0  
toolz                     0.11.1             pyhd3eb1b0_0  
tornado                   6.1              py38h9ed2024_0  
tqdm                      4.59.0             pyhd3eb1b0_1  
traitlets                 5.0.5              pyhd3eb1b0_0  
typing_extensions         3.7.4.3            pyha847dfd_0  
ujson                     4.0.2            py38h23ab428_0  
unicodecsv                0.14.1                   py38_0  
unixodbc                  2.3.9                haf1e3a3_0  
urllib3                   1.26.4             pyhd3eb1b0_0  
watchdog                  1.0.2            py38h9ed2024_1  
wcwidth                   0.2.5                      py_0  
webencodings              0.5.1                    py38_1  
werkzeug                  1.0.1              pyhd3eb1b0_0  
wheel                     0.36.2             pyhd3eb1b0_0  
widgetsnbextension        3.5.1                    py38_0  
wrapt                     1.12.1           py38haf1e3a3_1  
wurlitzer                 2.1.0            py38hecd8cb5_0  
xlrd                      2.0.1              pyhd3eb1b0_0  
xlsxwriter                1.3.8              pyhd3eb1b0_0  
xlwings                   0.23.0           py38hecd8cb5_0  
xlwt                      1.3.0                    py38_0  
xmltodict                 0.12.0                     py_0  
xz                        5.2.5                h1de35cc_0  
yaml                      0.2.5                haf1e3a3_0  
yapf                      0.31.0             pyhd3eb1b0_0  
zeromq                    4.3.4                h23ab428_0  
zict                      2.0.0              pyhd3eb1b0_0  
zipp                      3.4.1              pyhd3eb1b0_0  
zlib                      1.2.11               h1de35cc_3  
zope                      1.0                      py38_1  
zope.event                4.5.0                    py38_0  
zope.interface            5.3.0            py38h9ed2024_0  
zstd                      1.4.5                h41d2c2f_0  

pip freeze output:
alabaster==0.7.12
appdirs==1.4.4
appnope==0.1.2
argon2-cffi==20.1.0
aspire==0.6.2
async-generator==1.10
attrs==20.3.0
Babel==2.9.0
backcall==0.2.0
black==20.8b1
bleach==3.3.0
certifi==2020.12.5
cffi==1.14.4
chardet==4.0.0
click==7.1.2
coverage==5.4
cycler==0.10.0
Cython==0.29.23
dataclasses==0.8
decorator==4.4.2
defusedxml==0.6.0
docutils==0.16
entrypoints==0.3
finufft==2.0.0
future==0.18.2
idna==2.10
imageio==2.9.0
imagesize==1.2.0
importlib-metadata==1.7.0
importlib-resources==5.1.0
iniconfig==1.1.1
ipykernel==5.4.3
ipython==7.16.1
ipython-genutils==0.2.0
ipywidgets==7.6.3
jedi==0.18.0
Jinja2==2.11.3
joblib==1.0.0
jsonschema==3.2.0
jupyter==1.0.0
jupyter-client==6.1.11
jupyter-console==6.2.0
jupyter-core==4.7.1
jupyterlab-pygments==0.1.2
jupyterlab-widgets==1.0.0
kiwisolver==1.3.1
latexcodec==2.0.1
llvmlite==0.36.0
MarkupSafe==1.1.1
matplotlib==3.3.4
mistune==0.8.4
mrcfile==1.2.0
mypy-extensions==0.4.3
nbclient==0.5.1
nbconvert==6.0.7
nbformat==5.1.2
nest-asyncio==1.5.1
networkx==2.5
notebook==6.2.0
numba==0.53.1
numpy==1.16.0
numpydoc==0.7.0
odl==0.7.0
osqp==0.6.2.post0
packaging==20.9
pandas==0.25.3
pandocfilters==1.4.3
parso==0.8.1
pathspec==0.8.1
pexpect==4.8.0
pickleshare==0.7.5
Pillow==8.1.0
pluggy==0.13.1
prometheus-client==0.9.0
prompt-toolkit==3.0.14
ptyprocess==0.7.0
py==1.10.0
pybind11==2.6.2
pybtex==0.24.0
pybtex-docutils==1.0.0
pycparser==2.20
pyFFTW==0.12.0
Pygments==2.7.4
pymanopt==0.2.5
pyparsing==2.4.7
pyrsistent==0.17.3
pytest==6.2.2
pytest-cov==2.11.1
python-dateutil==2.8.1
python-dotenv==0.15.0
pytz==2021.1
PyWavelets==1.1.1
PyYAML==5.4.1
pyzmq==22.0.2
qdldl==0.1.5.post0
qtconsole==5.0.2
QtPy==1.9.0
quadprog==0.1.8
quaternionic==0.3.4
regex==2021.4.4
requests==2.25.1
scikit-image==0.16.2
scikit-learn==0.24.1
scipy==1.4.0
Send2Trash==1.5.0
six==1.15.0
snowballstemmer==2.1.0
spherical==1.0.8
Sphinx==3.4.3
sphinx-rtd-theme==0.5.1
sphinxcontrib-applehelp==1.0.2
sphinxcontrib-bibtex==2.1.4
sphinxcontrib-devhelp==1.0.2
sphinxcontrib-htmlhelp==1.0.3
sphinxcontrib-jsmath==1.0.1
sphinxcontrib-qthelp==1.0.3
sphinxcontrib-serializinghtml==1.1.4
spinsfast==104.2021.3.22.15.7.51
terminado==0.9.2
testpath==0.4.4
threadpoolctl==2.1.0
toml==0.10.2
tornado==6.1
tqdm==4.56.0
traitlets==4.3.3
typed-ast==1.4.3
typing-extensions==3.7.4.3
urllib3==1.26.3
wcwidth==0.2.5
webencodings==0.5.1
widgetsnbextension==3.5.1
zipp==3.4.0

Exception Details (most recent call last)
  File "/Users/wdiepeveen/Documents/PhD/Projects/2 - Cryo-EM/src/src/Cryo-EM/main.py", line 4, in <module>
    run_experiment()
    __annotations__ = {}
    __builtins__ = <module 'builtins' (built-in)>
    __cached__ = None
    __doc__ = None
    __file__ = '/Users/wdiepeveen/Documents/PhD/Projects/2 - Cryo-EM/src/src/Cryo-EM/main.py'
    __loader__ = <_frozen_importlib_external.SourceFileLoader object at 0x7ff485d716d8>
    __name__ = '__main__'
    __package__ = None
    __spec__ = None
    run_experiment = <function run_experiment at 0x7ff4874291e0>

  File "/Users/wdiepeveen/Documents/PhD/Projects/2 - Cryo-EM/src/src/Cryo-EM/experiments/lifting/__init__.py", line 70, in run_experiment
    results_folder=results_folder
    data_dir = 'data'
    data_filename = 'clean70SRibosome_vol_65p.mrc'
    data_path = 'data/clean70SRibosome_vol_65p.mrc'
    exp = <tools.exp_tools.Exp object at 0x7ff485e4ca20>
    i = 0
    img_size = 33
    init_vol_smudge = 2
    j = 0
    max_it = 2
    num_imgs = 512
    nums_imgs = [512]
    results_folder = 'results/lifting_21-04-21_11-09-45'
    skip_main_experiment = False
    skip_preprocessing = True
    snr = 0.5
    snr_range = [0.5]

  File "/Users/wdiepeveen/Documents/PhD/Projects/2 - Cryo-EM/src/src/Cryo-EM/experiments/lifting/experiment_pdon.py", line 66, in experiment
    integrator = RefinedMeshIntegrator(ell_max=15, mesh_norm=np.pi/20)
    amplitudes = array([1., 1., 1., 1., 1., 1., 1., 1., 1., 1., 1., 1., 1., 1., 1., 1., 1.,
       1., 1., 1., 1., 1., 1., 1., 1., 1., 1., 1., 1., 1., 1., 1., 1., 1.,
       1., 1., 1., 1., 1., 1., 1., 1., 1., 1., 1., 1., 1., 1., 1., 1., 1.,
       1., 1., 1., 1., 1., 1., 1., 1., 1., 1., 1., 1., 1., 1., 1., 1., 1.,
       1., 1., 1., 1., 1., 1., 1., 1., 1., 1., 1., 1., 1., 1., 1., 1., 1.,
       1., 1., 1., 1., 1., 1., 1., 1., 1., 1., 1., 1., 1., 1., 1., 1., 1.,
       1., 1., 1., 1., 1., 1., 1., 1., 1., 1., 1., 1., 1., 1., 1., 1., 1.,
       1., 1., 1., 1., 1., 1., 1., 1., 1., 1., 1., 1., 1., 1., 1., 1., 1.,
       1., 1., 1., 1., 1., 1., 1., 1., 1., 1., 1., 1., 1., 1., 1., 1., 1.,
       1., 1., 1., 1., 1., 1., 1., 1., 1., 1., 1., 1., 1., 1., 1., 1., 1.,
       1., 1., 1., 1., 1., 1., 1., 1., 1., 1., 1., 1., 1., 1., 1., 1., 1.,
       1., 1., 1., 1., 1., 1., 1., 1., 1., 1., 1., 1., 1., 1., 1., 1., 1.,
       1., 1., 1., 1., 1., 1., 1., 1., 1., 1., 1., 1., 1., 1., 1., 1., 1.,
       1., 1., 1., 1., 1., 1., 1., 1., 1., 1., 1., 1., 1., 1., 1., 1., 1.,
       1., 1., 1., 1., 1., 1., 1., 1., 1., 1., 1., 1., 1., 1., 1., 1., 1.,
       1., 1., 1., 1., 1., 1., 1., 1., 1., 1., 1., 1., 1., 1., 1., 1., 1.,
       1., 1., 1., 1., 1., 1., 1., 1., 1., 1., 1., 1., 1., 1., 1., 1., 1.,
       1., 1., 1., 1., 1., 1., 1., 1., 1., 1., 1., 1., 1., 1., 1., 1., 1.,
       1., 1., 1., 1., 1., 1., 1., 1., 1., 1., 1., 1., 1., 1., 1., 1., 1.,
       1., 1., 1., 1., 1., 1., 1., 1., 1., 1., 1., 1., 1., 1., 1., 1., 1.,
       1., 1., 1., 1., 1., 1., 1., 1., 1., 1., 1., 1., 1., 1., 1., 1., 1.,
       1., 1., 1., 1., 1., 1., 1., 1., 1., 1., 1., 1., 1., 1., 1., 1., 1.,
       1., 1., 1., 1., 1., 1., 1., 1., 1., 1., 1., 1., 1., 1., 1., 1., 1.,
       1., 1., 1., 1., 1., 1., 1., 1., 1., 1., 1., 1., 1., 1., 1., 1., 1.,
       1., 1., 1., 1., 1., 1., 1., 1., 1., 1., 1., 1., 1., 1., 1., 1., 1.,
       1., 1., 1., 1., 1., 1., 1., 1., 1., 1., 1., 1., 1., 1., 1., 1., 1.,
       1., 1., 1., 1., 1., 1., 1., 1., 1., 1., 1., 1., 1., 1., 1., 1., 1.,
       1., 1., 1., 1., 1., 1., 1., 1., 1., 1., 1., 1., 1., 1., 1., 1., 1.,
       1., 1., 1., 1., 1., 1., 1., 1., 1., 1., 1., 1., 1., 1., 1., 1., 1.,
       1., 1., 1., 1., 1., 1., 1., 1., 1., 1., 1., 1., 1., 1., 1., 1., 1.,
       1., 1.])
    data_dir = 'results/lifting_21-04-21_11-09-45'
    dtype = dtype('float32')
    exp = <tools.exp_tools.Exp object at 0x7ff485e4ca20>
    imgs = 512 images of size 33x33
    max_it = 2
    num_imgs = 512
    offsets = array([[0., 0.],
       [0., 0.],
       [0., 0.],
       ...,
       [0., 0.],
       [0., 0.],
       [0., 0.]], dtype=float32)
    old_sim = <aspire.source.simulation.Simulation object at 0x7ff48fb86f60>
    results_folder = 'results/lifting_21-04-21_11-09-45'
    rots_gt = array([[[ 0.8472018 ,  0.35635847,  0.39402747],
        [ 0.3245176 ,  0.24010392, -0.91489804],
        [-0.42063922,  0.90297216,  0.08777189]],

       [[ 0.50811654,  0.4332875 ,  0.74436516],
        [-0.00507289,  0.8657368 , -0.50047386],
        [-0.86127335,  0.25052297,  0.44209322]],

       [[ 0.70046335,  0.15106355,  0.6975177 ],
        [-0.6937326 , -0.08538228,  0.71515375],
        [ 0.16758932, -0.9848298 ,  0.04499056]],

       ...,

       [[ 0.2852245 ,  0.7310058 , -0.61990124],
        [ 0.0869106 , -0.6638287 , -0.74281764],
        [-0.9545122 ,  0.15799381, -0.25287235]],

       [[ 0.682833  ,  0.48879188, -0.54297477],
        [ 0.48945773, -0.85783243, -0.15669908],
        [-0.5423746 , -0.1587639 , -0.8249993 ]],

       [[ 0.49022612, -0.65302056, -0.5772716 ],
        [-0.05106302,  0.6396606 , -0.7669595 ],
        [ 0.87009823,  0.4054608 ,  0.28023311]]], dtype=float32)
    rots_init = array([[[ 0.78812737, -0.21465527,  0.57686945],
        [ 0.57701207, -0.06860224, -0.81384937],
        [ 0.21427159,  0.9742776 ,  0.06979138]],

       [[ 0.12999694,  0.36744021, -0.9209172 ],
        [ 0.97590787,  0.11672718,  0.18433285],
        [ 0.17522737, -0.92269305, -0.34341362]],

       [[-0.17605719, -0.94340479,  0.28105384],
        [ 0.67677729, -0.32333486, -0.66138269],
        [ 0.7148261 ,  0.07376968,  0.69540037]],

       ...,

       [[-0.88208561, -0.08459616,  0.46343118],
        [ 0.46844573, -0.05344436,  0.88187431],
        [-0.0498354 ,  0.994981  ,  0.08677122]],

       [[ 0.11091141,  0.96563251, -0.23505851],
        [ 0.71928009,  0.08521904,  0.68947362],
        [ 0.6858096 , -0.2455434 , -0.68510848]],

       [[-0.04881332,  0.71797191,  0.69435841],
        [ 0.99536978, -0.02266431,  0.09340945],
        [ 0.08280252,  0.69570301, -0.71354122]]])
    sim = <aspire.source.simulation.Simulation object at 0x7ff48fb86fd0>
    sim_data = {'sim': <aspire.source.simulation.Simulation object at 0x7ff48fb86f60>, 'vol_init': <aspire.volume.Volume object at 0x7ff48fb92b00>, 'rots_init': array([[[ 0.78812737, -0.21465527,  0.57686945],
        [ 0.57701207, -0.06860224, -0.81384937],
        [ 0.21427159,  0.9742776 ,  0.06979138]],

       [[ 0.12999694,  0.36744021, -0.9209172 ],
        [ 0.97590787,  0.11672718,  0.18433285],
        [ 0.17522737, -0.92269305, -0.34341362]],

       [[-0.17605719, -0.94340479,  0.28105384],
        [ 0.67677729, -0.32333486, -0.66138269],
        [ 0.7148261 ,  0.07376968,  0.69540037]],

       ...,

       [[-0.88208561, -0.08459616,  0.46343118],
        [ 0.46844573, -0.05344436,  0.88187431],
        [-0.0498354 ,  0.994981  ,  0.08677122]],

       [[ 0.11091141,  0.96563251, -0.23505851],
        [ 0.71928009,  0.08521904,  0.68947362],
        [ 0.6858096 , -0.2455434 , -0.68510848]],

       [[-0.04881332,  0.71797191,  0.69435841],
        [ 0.99536978, -0.02266431,  0.09340945],
        [ 0.08280252,  0.69570301, -0.71354122]]]), 'vol_gt': <aspire.volume.Volume object at 0x7ff48fb928d0>, 'rots_gt': array([[[ 0.8472018 ,  0.35635847,  0.39402747],
        [ 0.3245176 ,  0.24010392, -0.91489804],
        [-0.42063922,  0.90297216,  0.08777189]],

       [[ 0.50811654,  0.4332875 ,  0.74436516],
        [-0.00507289,  0.8657368 , -0.50047386],
        [-0.86127335,  0.25052297,  0.44209322]],

       [[ 0.70046335,  0.15106355,  0.6975177 ],
        [-0.6937326 , -0.08538228,  0.71515375],
        [ 0.16758932, -0.9848298 ,  0.04499056]],

       ...,

       [[ 0.2852245 ,  0.7310058 , -0.61990124],
        [ 0.0869106 , -0.6638287 , -0.74281764],
        [-0.9545122 ,  0.15799381, -0.25287235]],

       [[ 0.682833  ,  0.48879188, -0.54297477],
        [ 0.48945773, -0.85783243, -0.15669908],
        [-0.5423746 , -0.1587639 , -0.8249993 ]],

       [[ 0.49022612, -0.65302056, -0.5772716 ],
        [-0.05106302,  0.6396606 , -0.7669595 ],
        [ 0.87009823,  0.4054608 ,  0.28023311]]], dtype=float32)}
    snr = 0.5
    sq_sigma = 4.0484497236074424e-10
    vol_gt = <aspire.volume.Volume object at 0x7ff48fb928d0>
    vol_init = <aspire.volume.Volume object at 0x7ff48fb92b00>

  File "/Users/wdiepeveen/Documents/PhD/Projects/2 - Cryo-EM/src/src/Cryo-EM/solvers/lifting/integration/refined_mesh.py", line 135, in __init__
    self.b2w = np.real(UV).asarray().T.astype(self.dtype)  # TODO asarray?
    U = <25880x5456 sparse matrix of type '<class 'numpy.complex64'>'
	with 141196290 stored elements in Compressed Sparse Column format>
    UV = <25880x5456 sparse matrix of type '<class 'numpy.complex64'>'
	with 141191025 stored elements in Compressed Sparse Column format>
    V = <5456x5456 sparse matrix of type '<class 'numpy.complex64'>'
	with 10896 stored elements in Compressed Sparse Column format>
